partiesfile version 1
449 449
 1 0 0 p_main_party Main_Party 1048576 0 0 39 0 0 0 0 0 -21.190000 63.450000 -21.190000 63.450000 -21.190000 63.450000 0.0 1 0 1 0 0 
0.000000
 1 1 1 p_temp_party {!}temp_party 256 0 0 1 0 0 0 0 0 0.000000 0.000000 0.000000 0.000000 0.000000 0.000000 0.0 0 
0.000000
 1 2 2 p_camp_bandits {!}camp_bandits 256 0 0 2 0 0 0 0 0 1.000000 1.000000 1.000000 1.000000 1.000000 1.000000 0.0 1 3 3 0 0 
0.000000
 1 3 3 p_freelancer_party_backup {!} 256 0 0 3 0 0 0 0 0 1.000000 1.000000 1.000000 1.000000 1.000000 1.000000 0.0 0 
0.000000
 1 4 4 p_temp_party_2 {!}temp_party_2 256 0 0 1 0 0 0 0 0 0.000000 0.000000 0.000000 0.000000 0.000000 0.000000 0.0 0 
0.000000
 1 5 5 p_temp_casualties {!}casualties 256 0 0 3 0 0 0 0 0 1.000000 1.000000 1.000000 1.000000 1.000000 1.000000 0.0 0 
0.000000
 1 6 6 p_temp_casualties_2 {!}casualties 256 0 0 3 0 0 0 0 0 1.000000 1.000000 1.000000 1.000000 1.000000 1.000000 0.0 0 
0.000000
 1 7 7 p_temp_casualties_3 {!}casualties 256 0 0 3 0 0 0 0 0 1.000000 1.000000 1.000000 1.000000 1.000000 1.000000 0.0 0 
0.000000
 1 8 8 p_temp_wounded {!}enemies_wounded 256 0 0 3 0 0 0 0 0 1.000000 1.000000 1.000000 1.000000 1.000000 1.000000 0.0 0 
0.000000
 1 9 9 p_temp_killed {!}enemies_killed 256 0 0 3 0 0 0 0 0 1.000000 1.000000 1.000000 1.000000 1.000000 1.000000 0.0 0 
0.000000
 1 10 10 p_main_party_backup {!}_ 256 0 0 3 0 0 0 0 0 1.000000 1.000000 1.000000 1.000000 1.000000 1.000000 0.0 0 
0.000000
 1 11 11 p_encountered_party_backup {!}_ 256 0 0 3 0 0 0 0 0 1.000000 1.000000 1.000000 1.000000 1.000000 1.000000 0.0 0 
0.000000
 1 12 12 p_collective_friends_backup {!}_ 256 0 0 3 0 0 0 0 0 1.000000 1.000000 1.000000 1.000000 1.000000 1.000000 0.0 0 
0.000000
 1 13 13 p_player_casualties {!}_ 256 0 0 3 0 0 0 0 0 1.000000 1.000000 1.000000 1.000000 1.000000 1.000000 0.0 0 
0.000000
 1 14 14 p_enemy_casualties {!}_ 256 0 0 3 0 0 0 0 0 1.000000 1.000000 1.000000 1.000000 1.000000 1.000000 0.0 0 
0.000000
 1 15 15 p_ally_casualties {!}_ 256 0 0 3 0 0 0 0 0 1.000000 1.000000 1.000000 1.000000 1.000000 1.000000 0.0 0 
0.000000
 1 16 16 p_collective_enemy {!}collective_enemy 256 0 0 3 0 0 0 0 0 1.000000 1.000000 1.000000 1.000000 1.000000 1.000000 0.0 0 
0.000000
 1 17 17 p_collective_ally {!}collective_ally 256 0 0 3 0 0 0 0 0 1.000000 1.000000 1.000000 1.000000 1.000000 1.000000 0.0 0 
0.000000
 1 18 18 p_collective_friends {!}collective_ally 256 0 0 3 0 0 0 0 0 1.000000 1.000000 1.000000 1.000000 1.000000 1.000000 0.0 0 
0.000000
 1 19 19 p_total_enemy_casualties {!}_ 256 0 0 3 0 0 0 0 0 1.000000 1.000000 1.000000 1.000000 1.000000 1.000000 0.0 0 
0.000000
 1 20 20 p_routed_enemies {!}routed_enemies 256 0 0 3 0 0 0 0 0 1.000000 1.000000 1.000000 1.000000 1.000000 1.000000 0.0 0 
0.000000
 1 21 21 p_burning_buildings If_you_see_me,_report_the_fire_bug. 2114853 0 0 3 0 0 0 0 0 0.000000 -50.000000 0.000000 -50.000000 0.000000 -50.000000 0.0 0 
2.967060
 1 22 22 p_ship_colisions If_you_see_me,_report_the_colision_bug. 2114853 0 0 3 0 0 0 0 0 0.000000 -50.000000 0.000000 -50.000000 0.000000 -50.000000 0.0 0 
2.967060
 1 23 23 p_zendar Zendar 2114828 0 0 3 0 0 0 0 0 59.000000 111.000000 59.000000 111.000000 59.000000 111.000000 0.0 0 
0.000000
 1 24 24 p_town_1 Cantwaraburh 4219916 0 0 3 0 0 0 0 0 -116.750000 137.690000 -116.750000 137.690000 -116.750000 137.690000 0.0 0 
2.967060
 1 25 25 p_town_2 Seals-ey 4219918 0 0 3 0 0 0 0 0 -83.860000 154.120000 -83.860000 154.120000 -83.860000 154.120000 0.0 0 
4.537856
 1 26 26 p_town_3 Din_Eidyn 4219916 0 0 3 0 0 0 0 0 -39.790000 -80.340000 -39.790000 -80.340000 -39.790000 -80.340000 0.0 0 
1.396263
 1 27 27 p_town_4 Oxenaforda 4219942 0 0 3 0 0 0 0 0 -60.440000 114.440000 -60.440000 114.440000 -60.440000 114.440000 0.0 0 
5.061455
 1 28 28 p_town_5 Caer_Maunguid 4219916 0 0 3 0 0 0 0 0 -25.740000 45.310000 -25.740000 45.310000 -25.740000 45.310000 0.0 0 
1.570796
 1 29 29 p_town_6 Alt_Clut 4219916 0 0 3 0 0 0 0 0 12.180000 -42.540000 12.180000 -42.540000 12.180000 -42.540000 0.0 0 
3.141593
 1 30 30 p_town_7 Caer_Ligualid 4219918 0 0 3 0 0 0 0 0 -24.380000 3.060000 -24.380000 3.060000 -24.380000 3.060000 0.0 0 
2.094395
 1 31 31 p_town_8 Grantebrycge 4219942 0 0 3 0 0 0 0 0 -94.720000 101.410000 -94.720000 101.410000 -94.720000 101.410000 0.0 0 
3.054326
 1 32 32 p_town_9 Caer_Went 4219916 0 0 3 0 0 0 0 0 -12.890000 113.500000 -12.890000 113.500000 -12.890000 113.500000 0.0 0 
1.570796
 1 33 33 p_town_10 Eoferwic 4219942 0 0 3 0 0 0 0 0 -68.990000 22.270000 -68.990000 22.270000 -68.990000 22.270000 0.0 0 
5.410521
 1 34 34 p_town_11 Aegelesburh 4219942 0 0 3 0 0 0 0 0 -77.640000 114.480000 -77.640000 114.480000 -77.640000 114.480000 0.0 0 
2.617994
 1 35 35 p_town_12 Lundenwic 4219916 0 0 3 0 0 0 0 0 -91.970000 129.140000 -91.970000 129.140000 -91.970000 129.140000 0.0 0 
0.436332
 1 36 36 p_town_13 Din_Gonwy 4219918 0 0 3 0 0 0 0 0 16.660000 60.700000 16.660000 60.700000 16.660000 60.700000 0.0 0 
2.094395
 1 37 37 p_town_14 Rendlaesham 4219916 0 0 3 0 0 0 0 0 -125.850000 109.860000 -125.850000 109.860000 -125.850000 109.860000 0.0 0 
2.356194
 1 38 38 p_town_15 Caer_Luit_Coyt 4219942 0 0 3 0 0 0 0 0 -28.820000 68.840000 -28.820000 68.840000 -28.820000 68.840000 0.0 0 
2.356194
 1 39 39 p_town_16 Dorce_Ceaster 4219916 0 0 3 0 0 0 0 0 -55.420000 122.910000 -55.420000 122.910000 -55.420000 122.910000 0.0 0 
2.356194
 1 40 40 p_town_17 Caer_Uisc 4219918 0 0 3 0 0 0 0 0 6.070000 158.630000 6.070000 158.630000 6.070000 158.630000 0.0 0 
4.450590
 1 41 41 p_town_18 Searoburh 4219916 0 0 3 0 0 0 0 0 -41.740000 143.470000 -41.740000 143.470000 -41.740000 143.470000 0.0 0 
2.356194
 1 42 42 p_town_19 Dun_At 4219916 0 0 3 0 0 0 0 0 27.550000 -87.170000 27.550000 -87.170000 27.550000 -87.170000 0.0 0 
3.316126
 1 43 43 p_town_20 Loidis 4219942 0 0 3 0 0 0 0 0 -57.050000 39.990000 -57.050000 39.990000 -57.050000 39.990000 0.0 0 
2.094395
 1 44 44 p_town_21 Nas_na_Riogh 4219916 0 0 3 0 0 0 0 0 62.780000 81.640000 62.780000 81.640000 62.780000 81.640000 0.0 0 
1.396263
 1 45 45 p_town_22 Caer_Meguaidd 4219916 0 0 3 0 0 0 0 0 -2.830000 81.250000 -2.830000 81.250000 -2.830000 81.250000 0.0 0 
5.061455
 1 46 46 p_town_23 Licidfelth 4219916 0 0 3 0 0 0 0 0 -45.390000 87.620000 -45.390000 87.620000 -45.390000 87.620000 0.0 0 
1.570796
 1 47 47 p_town_24 Linnuis 4219916 0 0 3 0 0 0 0 0 -73.160000 63.250000 -73.160000 63.250000 -73.160000 63.250000 0.0 0 
2.705260
 1 48 48 p_town_25 Caer_Peris 4219916 0 0 3 0 0 0 0 0 12.500000 98.580000 12.500000 98.580000 12.500000 98.580000 0.0 0 
4.188790
 1 49 49 p_town_26 Brycheiniog 4219916 0 0 3 0 0 0 0 0 -0.680000 109.780000 -0.680000 109.780000 -0.680000 109.780000 0.0 0 
2.967060
 1 50 50 p_town_27 Bebbanburh 4219918 0 0 3 0 0 0 0 0 -57.850000 -39.690000 -57.850000 -39.690000 -57.850000 -39.690000 0.0 0 
0.000000
 1 51 51 p_town_28 Llys_Pengwern 4219916 0 0 3 0 0 0 0 0 -24.630000 79.820000 -24.630000 79.820000 -24.630000 79.820000 0.0 0 
1.396263
 1 52 52 p_town_29 Din_Bych 4219916 0 0 3 0 0 0 0 0 18.990000 112.580000 18.990000 112.580000 18.990000 112.580000 0.0 0 
5.061455
 1 53 53 p_town_30 Cruaghan 4219916 0 0 3 0 0 0 0 0 102.810000 34.170000 102.810000 34.170000 102.810000 34.170000 0.0 0 
1.570796
 1 54 54 p_town_31 Temair 4219916 0 0 3 0 0 0 0 0 62.850000 51.300000 62.850000 51.300000 62.850000 51.300000 0.0 0 
2.705260
 1 55 55 p_town_32 Rath_Celtair 4219918 0 0 3 0 0 0 0 0 53.560000 24.910000 53.560000 24.910000 53.560000 24.910000 0.0 0 
0.000000
 1 56 56 p_town_33 Aileach 4219918 0 0 3 0 0 0 0 0 84.980000 -20.600000 84.980000 -20.600000 84.980000 -20.600000 0.0 0 
0.000000
 1 57 57 p_town_34 Monid_Crobh 4219916 0 0 3 0 0 0 0 0 -26.750000 -108.910000 -26.750000 -108.910000 -26.750000 -108.910000 0.0 0 
4.188790
 1 58 58 p_town_35 Dun_Iasgach 4219916 0 0 3 0 0 0 0 0 92.370000 113.040000 92.370000 113.040000 92.370000 113.040000 0.0 0 
2.967060
 1 59 59 p_town_36 Caiseal 4219942 0 0 3 0 0 0 0 0 88.900000 100.000000 88.900000 100.000000 88.900000 100.000000 0.0 0 
5.061455
 1 60 60 p_town_37 Duin_Foither 4219918 0 0 3 0 0 0 0 0 -51.550000 -130.920000 -51.550000 -130.920000 -51.550000 -130.920000 0.0 0 
0.000000
 1 61 61 p_town_38 Caer_Wenddoleu 4219916 0 0 3 0 0 0 0 0 -25.030000 -4.360000 -25.030000 -4.360000 -25.030000 -4.360000 0.0 0 
1.570796
 1 62 62 p_town_39 Dun_Taruo 4219942 0 0 3 0 0 0 0 0 -39.090000 -160.990000 -39.090000 -160.990000 -39.090000 -160.990000 0.0 0 
1.570796
 1 63 63 p_town_40 Clochair 4219916 0 0 3 0 0 0 0 0 69.250000 17.810000 69.250000 17.810000 69.250000 17.810000 0.0 0 
0.785398
 1 64 64 p_town_41 Cirren_Ceaster 4219916 0 0 3 0 0 0 0 0 -32.760000 107.250000 -32.760000 107.250000 -32.760000 107.250000 0.0 0 
2.967060
 1 65 65 p_town_42 Din_Cado 4219916 0 0 3 0 0 0 0 0 -16.630000 127.780000 -16.630000 127.780000 -16.630000 127.780000 0.0 0 
1.570796
 1 66 66 p_castle_1 Alne_Ceaster 4215837 0 0 3 0 0 0 0 0 -47.380000 106.120000 -47.380000 106.120000 -47.380000 106.120000 0.0 0 
0.872665
 1 67 67 p_castle_2 Ceasterfeld 4215837 0 0 3 0 0 0 0 0 -53.670000 70.030000 -53.670000 70.030000 -53.670000 70.030000 0.0 0 
1.308997
 1 68 68 p_castle_3 Caer_Lloyw 4215847 0 0 3 0 0 0 0 0 -25.320000 101.590000 -25.320000 101.590000 -25.320000 101.590000 0.0 0 
1.745329
 1 69 69 p_castle_4 Cisse_Ceaster 4215837 0 0 3 0 0 0 0 0 -89.750000 148.530000 -89.750000 148.530000 -89.750000 148.530000 0.0 0 
3.141593
 1 70 70 p_castle_5 Loch_Gabar 4215847 0 0 3 0 0 0 0 0 69.950000 63.990000 69.950000 63.990000 69.950000 63.990000 0.0 0 
0.785398
 1 71 71 p_castle_6 Rath_Cormac 4215847 0 0 3 0 0 0 0 0 91.290000 2.170000 91.290000 2.170000 91.290000 2.170000 0.0 0 
1.396263
 1 72 72 p_castle_7 Dinas_Powys 4215847 0 0 3 0 0 0 0 0 4.930000 126.150000 4.930000 126.150000 4.930000 126.150000 0.0 0 
0.785398
 1 73 73 p_castle_8 Theodford 4215837 0 0 3 0 0 0 0 0 -112.890000 102.240000 -112.890000 102.240000 -112.890000 102.240000 0.0 0 
0.523599
 1 74 74 p_castle_9 Ard_Breacain 4215847 0 0 3 0 0 0 0 0 71.130000 45.010000 71.130000 45.010000 71.130000 45.010000 0.0 0 
0.261799
 1 75 75 p_castle_10 Hlew_Ceaster 4215837 0 0 3 0 0 0 0 0 -79.260000 151.320000 -79.260000 151.320000 -79.260000 151.320000 0.0 0 
1.919862
 1 76 76 p_castle_11 Colne_Ceaster 4215837 0 0 3 0 0 0 0 0 -113.310000 117.460000 -113.310000 117.460000 -113.310000 117.460000 0.0 0 
1.308997
 1 77 77 p_castle_12 Hrofaes_Ceaster 4215837 0 0 3 0 0 0 0 0 -105.560000 132.780000 -105.560000 132.780000 -105.560000 132.780000 0.0 0 
1.658063
 1 78 78 p_castle_13 Dinas 4215847 0 0 3 0 0 0 0 0 31.050000 113.500000 31.050000 113.500000 31.050000 113.500000 0.0 0 
2.007129
 1 79 79 p_castle_14 Esterteferd 4215837 0 0 3 0 0 0 0 0 -100.280000 119.750000 -100.280000 119.750000 -100.280000 119.750000 0.0 0 
1.570796
 1 80 80 p_castle_15 Kelliwic 4215847 0 0 3 0 0 0 0 0 46.720000 157.440000 46.720000 157.440000 46.720000 157.440000 0.0 0 
4.101524
 1 81 81 p_castle_16 Din_Tagell 4215847 0 0 3 0 0 0 0 0 26.540000 134.350000 26.540000 134.350000 26.540000 134.350000 0.0 0 
0.785398
 1 82 82 p_castle_17 Caer_Legionis 4215847 0 0 3 0 0 0 0 0 -19.720000 58.500000 -19.720000 58.500000 -19.720000 58.500000 0.0 0 
0.261799
 1 83 83 p_castle_18 Caer_Magnis 4215847 0 0 3 0 0 0 0 0 -21.380000 90.580000 -21.380000 90.580000 -21.380000 90.580000 0.0 0 
5.235988
 1 84 84 p_castle_19 Biedcanford 4215837 0 0 3 0 0 0 0 0 -87.490000 122.520000 -87.490000 122.520000 -87.490000 122.520000 0.0 0 
4.886922
 1 85 85 p_castle_20 Gyldeford 4215837 0 0 3 0 0 0 0 0 -90.650000 135.480000 -90.650000 135.480000 -90.650000 135.480000 0.0 0 
4.537856
 1 86 86 p_castle_21 Cathair_Chomain 4215847 0 0 3 0 0 0 0 0 83.230000 78.780000 83.230000 78.780000 83.230000 78.780000 0.0 0 
1.570796
 1 87 87 p_castle_22 Caer_Daun 4215837 0 0 3 0 0 0 0 0 -58.630000 55.890000 -58.630000 55.890000 -58.630000 55.890000 0.0 0 
4.537856
 1 88 88 p_castle_23 Hyrne_Ceaster 4215837 0 0 3 0 0 0 0 0 -85.850000 56.390000 -85.850000 56.390000 -85.850000 56.390000 0.0 0 
1.396263
 1 89 89 p_castle_24 Ard_Ladhrann 4215847 0 0 3 0 0 0 0 0 55.850000 100.430000 55.850000 100.430000 55.850000 100.430000 0.0 0 
4.188790
 1 90 90 p_castle_25 Din_Arth 4215847 0 0 3 0 0 0 0 0 6.300000 57.930000 6.300000 57.930000 6.300000 57.930000 0.0 0 
4.537856
 1 91 91 p_castle_26 Caer_Legeion_Guar_Usic 4215847 0 0 3 0 0 0 0 0 -5.710000 121.100000 -5.710000 121.100000 -5.710000 121.100000 0.0 0 
4.537856
 1 92 92 p_castle_27 Caer_Caratauc 4215847 0 0 3 0 0 0 0 0 -23.100000 98.090000 -23.100000 98.090000 -23.100000 98.090000 0.0 0 
4.537856
 1 93 93 p_castle_28 Cathair_na_Steige 4215847 0 0 3 0 0 0 0 0 108.880000 114.400000 108.880000 114.400000 108.880000 114.400000 0.0 0 
1.047198
 1 94 94 p_castle_29 Ath_Cormac 4215847 0 0 3 0 0 0 0 0 98.800000 18.350000 98.800000 18.350000 98.800000 18.350000 0.0 0 
1.047198
 1 95 95 p_castle_30 Caer_Durnac 4215847 0 0 3 0 0 0 0 0 -24.940000 149.390000 -24.940000 149.390000 -24.940000 149.390000 0.0 0 
4.537856
 1 96 96 p_castle_31 Vintan_Ceaster 4215837 0 0 3 0 0 0 0 0 -64.530000 144.500000 -64.530000 144.500000 -64.530000 144.500000 0.0 0 
4.537856
 1 97 97 p_castle_32 Boweseia 4215837 0 0 3 0 0 0 0 0 -104.090000 91.460000 -104.090000 91.460000 -104.090000 91.460000 0.0 0 
4.537856
 1 98 98 p_castle_33 Ligor_Ceaster 4215837 0 0 3 0 0 0 0 0 -82.200000 91.550000 -82.200000 91.550000 -82.200000 91.550000 0.0 0 
1.396263
 1 99 99 p_castle_34 Dinas_Bran 4215847 0 0 3 0 0 0 0 0 -1.590000 65.010000 -1.590000 65.010000 -1.590000 65.010000 0.0 0 
4.537856
 1 100 100 p_castle_35 Dinas_Emrys 4215847 0 0 3 0 0 0 0 0 16.710000 68.880000 16.710000 68.880000 16.710000 68.880000 0.0 0 
4.537856
 1 101 101 p_castle_36 Caer_Guricon 4215847 0 0 3 0 0 0 0 0 -36.120000 82.940000 -36.120000 82.940000 -36.120000 82.940000 0.0 0 
4.537856
 1 102 102 p_castle_37 Caer_Baddan 4215847 0 0 3 0 0 0 0 0 -28.450000 122.360000 -28.450000 122.360000 -28.450000 122.360000 0.0 0 
4.537856
 1 103 103 p_castle_38 Din_Cogan 4215847 0 0 3 0 0 0 0 0 12.080000 110.680000 12.080000 110.680000 12.080000 110.680000 0.0 0 
4.537856
 1 104 104 p_castle_39 Cippanhamme 4215837 0 0 3 0 0 0 0 0 -37.900000 123.540000 -37.900000 123.540000 -37.900000 123.540000 0.0 0 
4.886922
 1 105 105 p_castle_40 Norwic 4215837 0 0 3 0 0 0 0 0 -121.340000 88.630000 -121.340000 88.630000 -121.340000 88.630000 0.0 0 
4.537856
 1 106 106 p_castle_41 Ath_an_Tearmainn 4215847 0 0 3 0 0 0 0 0 99.090000 48.860000 99.090000 48.860000 99.090000 48.860000 0.0 0 
1.570796
 1 107 107 p_castle_42 Caer_Manaw 4215822 0 0 3 0 0 0 0 0 20.940000 21.120000 20.940000 21.120000 20.940000 21.120000 0.0 0 
2.094395
 1 108 108 p_castle_43 Caer_Pentaloch 4215847 0 0 3 0 0 0 0 0 -7.320000 -65.790000 -7.320000 -65.790000 -7.320000 -65.790000 0.0 0 
4.537856
 1 109 109 p_castle_44 Iudeu 4215847 0 0 3 0 0 0 0 0 -21.890000 -81.210000 -21.890000 -81.210000 -21.890000 -81.210000 0.0 0 
4.537856
 1 110 110 p_castle_45 Dun_Chuile 4215847 0 0 3 0 0 0 0 0 75.980000 96.200000 75.980000 96.200000 75.980000 96.200000 0.0 0 
1.396263
 1 111 111 p_castle_46 Din_Drust 4215847 0 0 3 0 0 0 0 0 -4.800000 -1.770000 -4.800000 -1.770000 -4.800000 -1.770000 0.0 0 
4.537856
 1 112 112 p_castle_47 Dun_na_mBarc 4215847 0 0 3 0 0 0 0 0 108.580000 122.580000 108.580000 122.580000 108.580000 122.580000 0.0 0 
4.188790
 1 113 113 p_castle_48 Din_Rheged 4215847 0 0 3 0 0 0 0 0 21.510000 -1.080000 21.510000 -1.080000 21.510000 -1.080000 0.0 0 
4.537856
 1 114 114 p_castle_49 Caer_Sws 4215847 0 0 3 0 0 0 0 0 -5.360000 97.120000 -5.360000 97.120000 -5.360000 97.120000 0.0 0 
4.537856
 1 115 115 p_castle_50 Duin_Ollaigh 4215847 0 0 3 0 0 0 0 0 27.830000 -105.900000 27.830000 -105.900000 27.830000 -105.900000 0.0 0 
4.537856
 1 116 116 p_castle_51 Crumbford 4215837 0 0 3 0 0 0 0 0 -41.340000 73.450000 -41.340000 73.450000 -41.340000 73.450000 0.0 0 
4.886922
 1 117 117 p_castle_52 Chinesburie 4215837 0 0 3 0 0 0 0 0 -53.160000 83.360000 -53.160000 83.360000 -53.160000 83.360000 0.0 0 
4.537856
 1 118 118 p_castle_53 Denisesburna 4215837 0 0 3 0 0 0 0 0 -54.390000 -19.060000 -54.390000 -19.060000 -54.390000 -19.060000 0.0 0 
0.785398
 1 119 119 p_castle_54 Caer_Aeron 4215847 0 0 3 0 0 0 0 0 27.110000 -12.590000 27.110000 -12.590000 27.110000 -12.590000 0.0 0 
1.570796
 1 120 120 p_castle_55 Dun_Devenel 4215847 0 0 3 0 0 0 0 0 2.520000 -50.970000 2.520000 -50.970000 2.520000 -50.970000 0.0 0 
0.785398
 1 121 121 p_castle_56 Caer_Caradawg 4215847 0 0 3 0 0 0 0 0 -7.090000 -32.490000 -7.090000 -32.490000 -7.090000 -32.490000 0.0 0 
1.570796
 1 122 122 p_castle_57 Middelsburh 4215837 0 0 3 0 0 0 0 0 -64.780000 -6.020000 -64.780000 -6.020000 -64.780000 -6.020000 0.0 0 
0.785398
 1 123 123 p_castle_58 Ath_Mor 4215847 0 0 3 0 0 0 0 0 89.530000 61.610000 89.530000 61.610000 89.530000 61.610000 0.0 0 
1.570796
 1 124 124 p_castle_59 Ath_Berchna 4215847 0 0 3 0 0 0 0 0 89.480000 36.430000 89.480000 36.430000 89.480000 36.430000 0.0 0 
0.261799
 1 125 125 p_castle_60 Rath_Clochair 4215847 0 0 3 0 0 0 0 0 79.330000 4.800000 79.330000 4.800000 79.330000 4.800000 0.0 0 
4.537856
 1 126 126 p_castle_61 Din_Baer 4215847 0 0 3 0 0 0 0 0 -57.260000 -81.690000 -57.260000 -81.690000 -57.260000 -81.690000 0.0 0 
4.537856
 1 127 127 p_castle_62 Duin_Baitte 4215847 0 0 3 0 0 0 0 0 -16.630000 -185.320000 -16.630000 -185.320000 -16.630000 -185.320000 0.0 0 
4.886922
 1 128 128 p_castle_63 Duin_Bolg 4215847 0 0 3 0 0 0 0 0 -39.410000 -102.090000 -39.410000 -102.090000 -39.410000 -102.090000 0.0 0 
1.396263
 1 129 129 p_castle_64 Dun_Duirn 4215847 0 0 3 0 0 0 0 0 0.730000 -96.430000 0.730000 -96.430000 0.730000 -96.430000 0.0 0 
4.537856
 1 130 130 p_castle_65 Ad_Gefrin 4215837 0 0 3 0 0 0 0 0 -43.840000 -42.380000 -43.840000 -42.380000 -43.840000 -42.380000 0.0 0 
4.537856
 1 131 131 p_castle_66 Duin_Caillen 4215847 0 0 3 0 0 0 0 0 -15.560000 -117.450000 -15.560000 -117.450000 -15.560000 -117.450000 0.0 0 
0.785398
 1 132 132 p_castle_67 Ard_Eachadha 4215847 0 0 3 0 0 0 0 0 60.960000 31.850000 60.960000 31.850000 60.960000 31.850000 0.0 0 
0.785398
 1 133 133 p_castle_68 Dun_Aberte 4215847 0 0 3 0 0 0 0 0 41.050000 -58.910000 41.050000 -58.910000 41.050000 -58.910000 0.0 0 
0.785398
 1 134 134 p_castle_69 Aidhne 4215847 0 0 3 0 0 0 0 0 110.700000 46.720000 110.700000 46.720000 110.700000 46.720000 0.0 0 
1.570796
 1 135 135 p_castle_70 Dun_Buicead 4215847 0 0 3 0 0 0 0 0 65.710000 76.220000 65.710000 76.220000 65.710000 76.220000 0.0 0 
1.570796
 1 136 136 p_castle_71 Dun_Nechtain 4215847 0 0 3 0 0 0 0 0 -8.310000 -153.790000 -8.310000 -153.790000 -8.310000 -153.790000 0.0 0 
1.570796
 1 137 137 p_castle_72 Dun_Sebuirge 4215847 0 0 3 0 0 0 0 0 54.950000 -22.050000 54.950000 -22.050000 54.950000 -22.050000 0.0 0 
0.785398
 1 138 138 p_castle_73 Din_Hua_nAmalgada 4215847 0 0 3 0 0 0 0 0 124.340000 19.780000 124.340000 19.780000 124.340000 19.780000 0.0 0 
1.396263
 1 139 139 p_castle_74 Magh_Rath 4215847 0 0 3 0 0 0 0 0 57.340000 2.740000 57.340000 2.740000 57.340000 2.740000 0.0 0 
1.396263
 1 140 140 p_castle_75 Ath_na_Foraire 4215847 0 0 3 0 0 0 0 0 73.010000 24.690000 73.010000 24.690000 73.010000 24.690000 0.0 0 
1.396263
 1 141 141 p_village_1 Taddanleage 2114597 0 0 3 0 0 0 0 0 -55.040000 138.720000 -55.040000 138.720000 -55.040000 138.720000 0.0 0 
1.745329
 1 142 142 p_village_2 Wlencing 2114597 0 0 3 0 0 0 0 0 -79.390000 146.590000 -79.390000 146.590000 -79.390000 146.590000 0.0 0 
1.919862
 1 143 143 p_village_3 Wellatun 2114597 0 0 3 0 0 0 0 0 -80.120000 53.090000 -80.120000 53.090000 -80.120000 53.090000 0.0 0 
2.094395
 1 144 144 p_village_4 Portesmuda 2114597 0 0 3 0 0 0 0 0 -57.460000 154.230000 -57.460000 154.230000 -57.460000 154.230000 0.0 0 
2.268928
 1 145 145 p_village_5 Cetgueli 2114597 0 0 3 0 0 0 0 0 21.540000 116.120000 21.540000 116.120000 21.540000 116.120000 0.0 0 
2.967060
 1 146 146 p_village_6 Llan_Heledd 2114597 0 0 3 0 0 0 0 0 -25.310000 20.830000 -25.310000 20.830000 -25.310000 20.830000 0.0 0 
1.745329
 1 147 147 p_village_7 Ynys_Metcaut 2114597 0 0 3 0 0 0 0 0 -64.160000 -52.050000 -64.160000 -52.050000 -64.160000 -52.050000 0.0 0 
1.919862
 1 148 148 p_village_8 Herr_Hlaw 2114597 0 0 3 0 0 0 0 0 -105.320000 124.760000 -105.320000 124.760000 -105.320000 124.760000 0.0 0 
2.094395
 1 149 149 p_village_9 Gwinear 2114597 0 0 3 0 0 0 0 0 -7.700000 145.390000 -7.700000 145.390000 -7.700000 145.390000 0.0 0 
2.268928
 1 150 150 p_village_10 Gislheresuuyrth 2114597 0 0 3 0 0 0 0 0 -94.620000 126.480000 -94.620000 126.480000 -94.620000 126.480000 0.0 0 
2.967060
 1 151 151 p_village_11 Isura 2114597 0 0 3 0 0 0 0 0 1.290000 -0.460000 1.290000 -0.460000 1.290000 -0.460000 0.0 0 
0.785398
 1 152 152 p_village_12 Swanawic 2114597 0 0 3 0 0 0 0 0 -34.710000 157.300000 -34.710000 157.300000 -34.710000 157.300000 0.0 0 
1.919862
 1 153 153 p_village_13 Aber_Lleu 2114597 0 0 3 0 0 0 0 0 -49.450000 -39.790000 -49.450000 -39.790000 -49.450000 -39.790000 0.0 0 
2.094395
 1 154 154 p_village_14 Bucgan_Ora 2114597 0 0 3 0 0 0 0 0 -95.920000 150.970000 -95.920000 150.970000 -95.920000 150.970000 0.0 0 
2.268928
 1 155 155 p_village_15 Ad_Candidam_Casam 2114597 0 0 3 0 0 0 0 0 13.600000 2.790000 13.600000 2.790000 13.600000 2.790000 0.0 0 
1.570796
 1 156 156 p_village_16 Weargebuman 2114597 0 0 3 0 0 0 0 0 -65.350000 141.630000 -65.350000 141.630000 -65.350000 141.630000 0.0 0 
2.967060
 1 157 157 p_village_17 Brememium 2114597 0 0 3 0 0 0 0 0 -41.680000 -23.800000 -41.680000 -23.800000 -41.680000 -23.800000 0.0 0 
0.610865
 1 158 158 p_village_18 Mag_Uillin 2114597 0 0 3 0 0 0 0 0 117.960000 65.000000 117.960000 65.000000 117.960000 65.000000 0.0 0 
3.141593
 1 159 159 p_village_19 Westarham 2114597 0 0 3 0 0 0 0 0 -93.960000 136.980000 -93.960000 136.980000 -93.960000 136.980000 0.0 0 
2.967060
 1 160 160 p_village_20 Ricestun 2114597 0 0 3 0 0 0 0 0 -89.810000 64.340000 -89.810000 64.340000 -89.810000 64.340000 0.0 0 
2.967060
 1 161 161 p_village_21 Snetesham 2114597 0 0 3 0 0 0 0 0 -102.490000 83.910000 -102.490000 83.910000 -102.490000 83.910000 0.0 0 
1.745329
 1 162 162 p_village_22 Eglesfeld 2114597 0 0 3 0 0 0 0 0 -65.760000 49.710000 -65.760000 49.710000 -65.760000 49.710000 0.0 0 
1.919862
 1 163 163 p_village_23 Bos_Menegh 2114597 0 0 3 0 0 0 0 0 5.960000 134.520000 5.960000 134.520000 5.960000 134.520000 0.0 0 
2.094395
 1 164 164 p_village_24 Wodetun 2114597 0 0 3 0 0 0 0 0 -44.410000 125.650000 -44.410000 125.650000 -44.410000 125.650000 0.0 0 
2.268928
 1 165 165 p_village_25 Maes_Cogwy 2114597 0 0 3 0 0 0 0 0 -26.040000 40.400000 -26.040000 40.400000 -26.040000 40.400000 0.0 0 
2.967060
 1 166 166 p_village_26 Tref_Ilic 2114597 0 0 3 0 0 0 0 0 14.720000 141.450000 14.720000 141.450000 14.720000 141.450000 0.0 0 
2.967060
 1 167 167 p_village_27 Maesmor 2114597 0 0 3 0 0 0 0 0 -22.720000 105.960000 -22.720000 105.960000 -22.720000 105.960000 0.0 0 
2.967060
 1 168 168 p_village_28 Waldham 2114597 0 0 3 0 0 0 0 0 -90.290000 48.770000 -90.290000 48.770000 -90.290000 48.770000 0.0 0 
2.967060
 1 169 169 p_village_29 Cantmael 2114597 0 0 3 0 0 0 0 0 -21.330000 129.470000 -21.330000 129.470000 -21.330000 129.470000 0.0 0 
2.967060
 1 170 170 p_village_30 Eclesia_hyll 2114597 0 0 3 0 0 0 0 0 -17.000000 42.630000 -17.000000 42.630000 -17.000000 42.630000 0.0 0 
2.967060
 1 171 171 p_village_31 Cetham 2114597 0 0 3 0 0 0 0 0 -104.030000 135.530000 -104.030000 135.530000 -104.030000 135.530000 0.0 0 
1.745329
 1 172 172 p_village_32 Ynys_Mon 2114597 0 0 3 0 0 0 0 0 22.350000 56.260000 22.350000 56.260000 22.350000 56.260000 0.0 0 
1.919862
 1 173 173 p_village_33 Glouvia 2114597 0 0 3 0 0 0 0 0 -30.780000 103.210000 -30.780000 103.210000 -30.780000 103.210000 0.0 0 
2.094395
 1 174 174 p_village_34 Badun 2114597 0 0 3 0 0 0 0 0 -29.840000 118.370000 -29.840000 118.370000 -29.840000 118.370000 0.0 0 
2.268928
 1 175 175 p_village_35 Dommoc 2114597 0 0 3 0 0 0 0 0 -143.250000 102.790000 -143.250000 102.790000 -143.250000 102.790000 0.0 0 
2.967060
 1 176 176 p_village_36 Scythles 2114597 0 0 3 0 0 0 0 0 -71.280000 6.600000 -71.280000 6.600000 -71.280000 6.600000 0.0 0 
1.396263
 1 177 177 p_village_37 Pairc_Mor 2114597 0 0 3 0 0 0 0 0 101.410000 64.790000 101.410000 64.790000 101.410000 64.790000 0.0 0 
1.570796
 1 178 178 p_village_38 Berewic 2114597 0 0 3 0 0 0 0 0 -63.310000 124.170000 -63.310000 124.170000 -63.310000 124.170000 0.0 0 
2.967060
 1 179 179 p_village_39 Buais 2114597 0 0 3 0 0 0 0 0 46.640000 -4.900000 46.640000 -4.900000 46.640000 -4.900000 0.0 0 
0.785398
 1 180 180 p_village_40 Carwynnen 2114597 0 0 3 0 0 0 0 0 60.110000 155.830000 60.110000 155.830000 60.110000 155.830000 0.0 0 
2.967060
 1 181 181 p_village_41 Tatessete 2114597 0 0 3 0 0 0 0 0 -110.910000 75.890000 -110.910000 75.890000 -110.910000 75.890000 0.0 0 
1.745329
 1 182 182 p_village_42 Niwantun 2114597 0 0 3 0 0 0 0 0 -59.220000 78.160000 -59.220000 78.160000 -59.220000 78.160000 0.0 0 
1.919862
 1 183 183 p_village_43 Cantaleah 2114597 0 0 3 0 0 0 0 0 -124.450000 91.790000 -124.450000 91.790000 -124.450000 91.790000 0.0 0 
2.094395
 1 184 184 p_village_44 Costessey 2114597 0 0 3 0 0 0 0 0 -131.390000 83.970000 -131.390000 83.970000 -131.390000 83.970000 0.0 0 
2.268928
 1 185 185 p_village_45 Abercrdf 2114597 0 0 3 0 0 0 0 0 -5.290000 109.760000 -5.290000 109.760000 -5.290000 109.760000 0.0 0 
2.967060
 1 186 186 p_village_46 Wicstun 2114597 0 0 3 0 0 0 0 0 -83.450000 29.860000 -83.450000 29.860000 -83.450000 29.860000 0.0 0 
4.537856
 1 187 187 p_village_47 Inderawuda 2114597 0 0 3 0 0 0 0 0 -92.010000 34.800000 -92.010000 34.800000 -92.010000 34.800000 0.0 0 
1.570796
 1 188 188 p_village_48 Poclintun 2114597 0 0 3 0 0 0 0 0 -79.220000 25.410000 -79.220000 25.410000 -79.220000 25.410000 0.0 0 
3.141593
 1 189 189 p_village_49 Leodridan 2114597 0 0 3 0 0 0 0 0 -88.280000 129.600000 -88.280000 129.600000 -88.280000 129.600000 0.0 0 
0.174533
 1 190 190 p_village_50 Leim_an_Eich 2114597 0 0 3 0 0 0 0 0 72.800000 -16.340000 72.800000 -16.340000 72.800000 -16.340000 0.0 0 
4.188790
 1 191 191 p_village_51 Eldretune 2114597 0 0 3 0 0 0 0 0 -74.860000 152.350000 -74.860000 152.350000 -74.860000 152.350000 0.0 0 
1.745329
 1 192 192 p_village_52 Hysetun 2114597 0 0 3 0 0 0 0 0 -99.330000 96.970000 -99.330000 96.970000 -99.330000 96.970000 0.0 0 
1.919862
 1 193 193 p_village_53 Elmwella 2114597 0 0 3 0 0 0 0 0 -124.270000 100.560000 -124.270000 100.560000 -124.270000 100.560000 0.0 0 
2.094395
 1 194 194 p_village_54 Hreopedun 2114597 0 0 3 0 0 0 0 0 -60.060000 89.310000 -60.060000 89.310000 -60.060000 89.310000 0.0 0 
2.268928
 1 195 195 p_village_55 Banesbyrig 2114597 0 0 3 0 0 0 0 0 -64.250000 103.210000 -64.250000 103.210000 -64.250000 103.210000 0.0 0 
2.967060
 1 196 196 p_village_56 Clacc_Inga_Tun 2114597 0 0 3 0 0 0 0 0 -115.380000 122.070000 -115.380000 122.070000 -115.380000 122.070000 0.0 0 
2.967060
 1 197 197 p_village_57 Bartun 2114597 0 0 3 0 0 0 0 0 -57.370000 7.180000 -57.370000 7.180000 -57.370000 7.180000 0.0 0 
1.570796
 1 198 198 p_village_58 Benchoer_Moer 2114597 0 0 3 0 0 0 0 0 11.800000 57.960000 11.800000 57.960000 11.800000 57.960000 0.0 0 
2.967060
 1 199 199 p_village_59 Cructan 2114597 0 0 3 0 0 0 0 0 -14.570000 132.920000 -14.570000 132.920000 -14.570000 132.920000 0.0 0 
2.967060
 1 200 200 p_village_60 Dinypas 2114597 0 0 3 0 0 0 0 0 -46.130000 -73.090000 -46.130000 -73.090000 -46.130000 -73.090000 0.0 0 
2.967060
 1 201 201 p_village_61 Cluana 2114597 0 0 3 0 0 0 0 0 -21.600000 -113.360000 -21.600000 -113.360000 -21.600000 -113.360000 0.0 0 
1.570796
 1 202 202 p_village_62 Luith_Feirn 2114597 0 0 3 0 0 0 0 0 4.940000 -87.030000 4.940000 -87.030000 4.940000 -87.030000 0.0 0 
1.396263
 1 203 203 p_village_63 Dofras 2114597 0 0 3 0 0 0 0 0 -125.450000 143.000000 -125.450000 143.000000 -125.450000 143.000000 0.0 0 
1.745329
 1 204 204 p_village_64 Lan_Withennoc 2114597 0 0 3 0 0 0 0 0 -4.070000 149.450000 -4.070000 149.450000 -4.070000 149.450000 0.0 0 
1.745329
 1 205 205 p_village_65 Caeginesham 2114597 0 0 3 0 0 0 0 0 -25.230000 115.110000 -25.230000 115.110000 -25.230000 115.110000 0.0 0 
1.745329
 1 206 206 p_village_66 Llan_Forfael 2114597 0 0 3 0 0 0 0 0 -15.950000 18.780000 -15.950000 18.780000 -15.950000 18.780000 0.0 0 
1.745329
 1 207 207 p_village_67 Catraeth 2114597 0 0 3 0 0 0 0 0 -58.220000 -0.560000 -58.220000 -0.560000 -58.220000 -0.560000 0.0 0 
1.745329
 1 208 208 p_village_68 Mai_Dun 2114597 0 0 3 0 0 0 0 0 -21.080000 143.660000 -21.080000 143.660000 -21.080000 143.660000 0.0 0 
1.745329
 1 209 209 p_village_69 Creic 2114597 0 0 3 0 0 0 0 0 14.880000 -96.170000 14.880000 -96.170000 14.880000 -96.170000 0.0 0 
0.785398
 1 210 210 p_village_70 Banhedos 2114597 0 0 3 0 0 0 0 0 0.580000 153.310000 0.580000 153.310000 0.580000 153.310000 0.0 0 
1.745329
 1 211 211 p_village_71 Aporcrosan 2114597 0 0 3 0 0 0 0 0 23.420000 -177.750000 23.420000 -177.750000 23.420000 -177.750000 0.0 0 
4.188790
 1 212 212 p_village_72 Lann_Abae 2114597 0 0 3 0 0 0 0 0 -13.940000 -130.730000 -13.940000 -130.730000 -13.940000 -130.730000 0.0 0 
4.537856
 1 213 213 p_village_73 Ynas_Towy 2114597 0 0 3 0 0 0 0 0 13.280000 107.290000 13.280000 107.290000 13.280000 107.290000 0.0 0 
0.959931
 1 214 214 p_village_74 Cymensoraham 2114597 0 0 3 0 0 0 0 0 -85.760000 143.000000 -85.760000 143.000000 -85.760000 143.000000 0.0 0 
0.261799
 1 215 215 p_village_75 Tappingtun 2114597 0 0 3 0 0 0 0 0 -56.690000 127.800000 -56.690000 127.800000 -56.690000 127.800000 0.0 0 
0.174533
 1 216 216 p_village_76 Taceham 2114597 0 0 3 0 0 0 0 0 -55.980000 131.870000 -55.980000 131.870000 -55.980000 131.870000 0.0 0 
0.610865
 1 217 217 p_village_77 Halhfeax 2114597 0 0 3 0 0 0 0 0 -46.200000 48.980000 -46.200000 48.980000 -46.200000 48.980000 0.0 0 
2.792527
 1 218 218 p_village_78 Gwythel_Yel 2114597 0 0 3 0 0 0 0 0 34.570000 151.480000 34.570000 151.480000 34.570000 151.480000 0.0 0 
3.141593
 1 219 219 p_village_79 Moel_Fryn 2114597 0 0 3 0 0 0 0 0 -28.140000 111.960000 -28.140000 111.960000 -28.140000 111.960000 0.0 0 
0.000000
 1 220 220 p_village_80 Aewiue 2114597 0 0 3 0 0 0 0 0 -125.870000 137.160000 -125.870000 137.160000 -125.870000 137.160000 0.0 0 
0.698132
 1 221 221 p_village_81 Ciorrincg 2114597 0 0 3 0 0 0 0 0 -110.680000 143.080000 -110.680000 143.080000 -110.680000 143.080000 0.0 0 
0.349066
 1 222 222 p_village_82 Drum_Ceatt 2114597 0 0 3 0 0 0 0 0 62.890000 -19.710000 62.890000 -19.710000 62.890000 -19.710000 0.0 0 
1.570796
 1 223 223 p_village_83 Ynys_Manaw 2114597 0 0 3 0 0 0 0 0 23.730000 24.410000 23.730000 24.410000 23.730000 24.410000 0.0 0 
0.959931
 1 224 224 p_village_84 Du_Glas 2114597 0 0 3 0 0 0 0 0 -16.130000 -32.430000 -16.130000 -32.430000 -16.130000 -32.430000 0.0 0 
3.141593
 1 225 225 p_village_85 Cyddaingastun 2114597 0 0 3 0 0 0 0 0 -110.570000 99.010000 -110.570000 99.010000 -110.570000 99.010000 0.0 0 
0.174533
 1 226 226 p_village_86 Gippeswic 2114597 0 0 3 0 0 0 0 0 -133.490000 112.000000 -133.490000 112.000000 -133.490000 112.000000 0.0 0 
0.610865
 1 227 227 p_village_87 Creodahanhyll 2114597 0 0 3 0 0 0 0 0 -44.580000 136.100000 -44.580000 136.100000 -44.580000 136.100000 0.0 0 
2.792527
 1 228 228 p_village_88 Merceham 2114597 0 0 3 0 0 0 0 0 -47.410000 118.230000 -47.410000 118.230000 -47.410000 118.230000 0.0 0 
3.141593
 1 229 229 p_village_89 Aemethyll 2114597 0 0 3 0 0 0 0 0 -83.050000 123.010000 -83.050000 123.010000 -83.050000 123.010000 0.0 0 
0.000000
 1 230 230 p_village_90 Earnningtun 2114597 0 0 3 0 0 0 0 0 -104.270000 107.480000 -104.270000 107.480000 -104.270000 107.480000 0.0 0 
0.698132
 1 231 231 p_village_91 Alrwic 2114597 0 0 3 0 0 0 0 0 -47.410000 81.750000 -47.410000 81.750000 -47.410000 81.750000 0.0 0 
0.349066
 1 232 232 p_village_92 Caislen_Credi 2114597 0 0 3 0 0 0 0 0 -20.900000 -99.070000 -20.900000 -99.070000 -20.900000 -99.070000 0.0 0 
0.785398
 1 233 233 p_village_93 Hamtun 2114597 0 0 3 0 0 0 0 0 -79.000000 106.950000 -79.000000 106.950000 -79.000000 106.950000 0.0 0 
0.959931
 1 234 234 p_village_94 Fearr_Leah 2114597 0 0 3 0 0 0 0 0 -13.360000 95.590000 -13.360000 95.590000 -13.360000 95.590000 0.0 0 
0.261799
 1 235 235 p_village_95 Beormaingasham 2114597 0 0 3 0 0 0 0 0 -47.830000 94.610000 -47.830000 94.610000 -47.830000 94.610000 0.0 0 
0.174533
 1 236 236 p_village_96 Bertha 2114597 0 0 3 0 0 0 0 0 -16.840000 -104.420000 -16.840000 -104.420000 -16.840000 -104.420000 0.0 0 
1.570796
 1 237 237 p_village_97 Rae_Ban 2114597 0 0 3 0 0 0 0 0 76.820000 40.510000 76.820000 40.510000 76.820000 40.510000 0.0 0 
1.570796
 1 238 238 p_village_98 Hyncaleah 2114597 0 0 3 0 0 0 0 0 -76.540000 97.890000 -76.540000 97.890000 -76.540000 97.890000 0.0 0 
3.141593
 1 239 239 p_village_99 Denetun 2114597 0 0 3 0 0 0 0 0 -87.750000 72.410000 -87.750000 72.410000 -87.750000 72.410000 0.0 0 
0.000000
 1 240 240 p_village_100 Winteringasham 2114597 0 0 3 0 0 0 0 0 -81.620000 42.960000 -81.620000 42.960000 -81.620000 42.960000 0.0 0 
0.349066
 1 241 241 p_village_101 Faffand 2114597 0 0 3 0 0 0 0 0 98.900000 78.270000 98.900000 78.270000 98.900000 78.270000 0.0 0 
1.396263
 1 242 242 p_village_102 Lyme 2114597 0 0 3 0 0 0 0 0 -26.670000 56.660000 -26.670000 56.660000 -26.670000 56.660000 0.0 0 
0.959931
 1 243 243 p_village_103 Hanstige 2114597 0 0 3 0 0 0 0 0 -76.520000 87.010000 -76.520000 87.010000 -76.520000 87.010000 0.0 0 
0.261799
 1 244 244 p_village_104 Cinlipiuc 2114597 0 0 3 0 0 0 0 0 -2.010000 100.870000 -2.010000 100.870000 -2.010000 100.870000 0.0 0 
0.174533
 1 245 245 p_village_105 Ced 2114597 0 0 3 0 0 0 0 0 -19.950000 51.040000 -19.950000 51.040000 -19.950000 51.040000 0.0 0 
0.610865
 1 246 246 p_village_106 Llan_y_Hadein 2114597 0 0 3 0 0 0 0 0 24.180000 113.440000 24.180000 113.440000 24.180000 113.440000 0.0 0 
2.792527
 1 247 247 p_village_107 Dumanyn 2114597 0 0 3 0 0 0 0 0 -18.420000 -75.390000 -18.420000 -75.390000 -18.420000 -75.390000 0.0 0 
3.141593
 1 248 248 p_village_108 Ardudwy 2114597 0 0 3 0 0 0 0 0 12.590000 71.820000 12.590000 71.820000 12.590000 71.820000 0.0 0 
0.000000
 1 249 249 p_village_109 Grafrenn 2114597 0 0 3 0 0 0 0 0 61.920000 64.060000 61.920000 64.060000 61.920000 64.060000 0.0 0 
0.785398
 1 250 250 p_village_110 Elfed 2114597 0 0 3 0 0 0 0 0 17.350000 118.130000 17.350000 118.130000 17.350000 118.130000 0.0 0 
0.349066
 1 251 251 p_village_111 Merthyr_Tydfil 2114597 0 0 3 0 0 0 0 0 -6.360000 117.510000 -6.360000 117.510000 -6.360000 117.510000 0.0 0 
1.047198
 1 252 252 p_village_112 Eglwys_Tysilio 2114597 0 0 3 0 0 0 0 0 -1.500000 86.460000 -1.500000 86.460000 -1.500000 86.460000 0.0 0 
0.959931
 1 253 253 p_village_113 Abermynwy 2114597 0 0 3 0 0 0 0 0 -14.420000 110.790000 -14.420000 110.790000 -14.420000 110.790000 0.0 0 
0.261799
 1 254 254 p_village_114 Grwst 2114597 0 0 3 0 0 0 0 0 14.150000 62.880000 14.150000 62.880000 14.150000 62.880000 0.0 0 
0.174533
 1 255 255 p_village_115 Halh 2114597 0 0 3 0 0 0 0 0 -60.180000 60.370000 -60.180000 60.370000 -60.180000 60.370000 0.0 0 
0.610865
 1 256 256 p_village_116 Hefenfelth 2114597 0 0 3 0 0 0 0 0 -50.280000 -22.300000 -50.280000 -22.300000 -50.280000 -22.300000 0.0 0 
2.792527
 1 257 257 p_village_117 Campodunum 2114597 0 0 3 0 0 0 0 0 -60.420000 34.840000 -60.420000 34.840000 -60.420000 34.840000 0.0 0 
3.141593
 1 258 258 p_village_118 Llyn 2114597 0 0 3 0 0 0 0 0 31.180000 72.780000 31.180000 72.780000 31.180000 72.780000 0.0 0 
0.000000
 1 259 259 p_village_119 Erging 2114597 0 0 3 0 0 0 0 0 -9.080000 112.490000 -9.080000 112.490000 -9.080000 112.490000 0.0 0 
0.698132
 1 260 260 p_village_120 Egleshalh 2114597 0 0 3 0 0 0 0 0 -35.570000 64.600000 -35.570000 64.600000 -35.570000 64.600000 0.0 0 
0.349066
 1 261 261 p_village_121 Amwythig 2114597 0 0 3 0 0 0 0 0 -29.470000 86.790000 -29.470000 86.790000 -29.470000 86.790000 0.0 0 
1.047198
 1 262 262 p_village_122 Beolatun 2114597 0 0 3 0 0 0 0 0 -53.690000 100.940000 -53.690000 100.940000 -53.690000 100.940000 0.0 0 
0.959931
 1 263 263 p_village_123 Llan 2114597 0 0 3 0 0 0 0 0 12.610000 93.180000 12.610000 93.180000 12.610000 93.180000 0.0 0 
0.261799
 1 264 264 p_village_124 Weorthingtun 2114597 0 0 3 0 0 0 0 0 -68.200000 94.640000 -68.200000 94.640000 -68.200000 94.640000 0.0 0 
0.174533
 1 265 265 p_village_125 Llanidloes 2114597 0 0 3 0 0 0 0 0 7.360000 86.500000 7.360000 86.500000 7.360000 86.500000 0.0 0 
0.610865
 1 266 266 p_village_126 Aberystwyth 2114597 0 0 3 0 0 0 0 0 15.140000 99.380000 15.140000 99.380000 15.140000 99.380000 0.0 0 
2.792527
 1 267 267 p_village_127 Clac_Manau 2114597 0 0 3 0 0 0 0 0 -25.170000 -86.470000 -25.170000 -86.470000 -25.170000 -86.470000 0.0 0 
3.141593
 1 268 268 p_village_128 Merthyr_Cynog 2114597 0 0 3 0 0 0 0 0 0.950000 112.870000 0.950000 112.870000 0.950000 112.870000 0.0 0 
0.000000
 1 269 269 p_village_129 Oratun 2114597 0 0 3 0 0 0 0 0 -67.670000 111.170000 -67.670000 111.170000 -67.670000 111.170000 0.0 0 
0.349066
 1 270 270 p_village_130 Cill_Chleite 2114597 0 0 3 0 0 0 0 0 49.760000 13.140000 49.760000 13.140000 49.760000 13.140000 0.0 0 
1.047198
 1 271 271 p_village_131 Cill_Alaid 2114597 0 0 3 0 0 0 0 0 112.410000 20.020000 112.410000 20.020000 112.410000 20.020000 0.0 0 
4.537856
 1 272 272 p_village_132 Eifionydd 2114597 0 0 3 0 0 0 0 0 28.150000 70.430000 28.150000 70.430000 28.150000 70.430000 0.0 0 
0.261799
 1 273 273 p_village_135 Sliab_Culinn 2114597 0 0 3 0 0 0 0 0 64.980000 27.930000 64.980000 27.930000 64.980000 27.930000 0.0 0 
1.570796
 1 274 274 p_village_134 Mag_Mucceda 2114597 0 0 3 0 0 0 0 0 77.570000 18.080000 77.570000 18.080000 77.570000 18.080000 0.0 0 
3.141593
 1 275 275 p_village_135 Cogwy 2114597 0 0 3 0 0 0 0 0 -15.890000 81.670000 -15.890000 81.670000 -15.890000 81.670000 0.0 0 
2.792527
 1 276 276 p_village_136 Pen_Rhionydd 2114597 0 0 3 0 0 0 0 0 28.820000 -0.950000 28.820000 -0.950000 28.820000 -0.950000 0.0 0 
3.141593
 1 277 277 p_village_137 Camus 2114597 0 0 3 0 0 0 0 0 129.970000 57.450000 129.970000 57.450000 129.970000 57.450000 0.0 0 
3.141593
 1 278 278 p_village_138 Arderydd 2114597 0 0 3 0 0 0 0 0 -29.670000 -8.360000 -29.670000 -8.360000 -29.670000 -8.360000 0.0 0 
0.698132
 1 279 279 p_village_139 Mynyw 2114597 0 0 3 0 0 0 0 0 34.600000 107.450000 34.600000 107.450000 34.600000 107.450000 0.0 0 
0.349066
 1 280 280 p_village_140 Llan_Docgwinn 2114597 0 0 3 0 0 0 0 0 3.020000 124.330000 3.020000 124.330000 3.020000 124.330000 0.0 0 
1.047198
 1 281 281 p_village_141 Llangollen 2114597 0 0 3 0 0 0 0 0 -3.510000 71.170000 -3.510000 71.170000 -3.510000 71.170000 0.0 0 
0.959931
 1 282 282 p_village_142 Opergelei 2114597 0 0 3 0 0 0 0 0 -3.760000 59.990000 -3.760000 59.990000 -3.760000 59.990000 0.0 0 
0.261799
 1 283 283 p_village_143 Pillgwynllwg 2114597 0 0 3 0 0 0 0 0 -3.180000 124.240000 -3.180000 124.240000 -3.180000 124.240000 0.0 0 
0.174533
 1 284 284 p_village_144 Rhaeadr_Gwy 2114597 0 0 3 0 0 0 0 0 1.640000 95.500000 1.640000 95.500000 1.640000 95.500000 0.0 0 
0.610865
 1 285 285 p_village_145 Cuil_Conaire 2114597 0 0 3 0 0 0 0 0 117.430000 52.300000 117.430000 52.300000 117.430000 52.300000 0.0 0 
1.570796
 1 286 286 p_village_146 Pencaer 2114597 0 0 3 0 0 0 0 0 23.690000 105.640000 23.690000 105.640000 23.690000 105.640000 0.0 0 
3.141593
 1 287 287 p_village_147 Mag_Tuired 2114597 0 0 3 0 0 0 0 0 119.530000 43.900000 119.530000 43.900000 119.530000 43.900000 0.0 0 
0.785398
 1 288 288 p_village_148 Buireann 2114597 0 0 3 0 0 0 0 0 99.540000 -17.120000 99.540000 -17.120000 99.540000 -17.120000 0.0 0 
4.188790
 1 289 289 p_village_149 Genouhalh 2114597 0 0 3 0 0 0 0 0 -33.500000 72.910000 -33.500000 72.910000 -33.500000 72.910000 0.0 0 
0.349066
 1 290 290 p_village_150 Dewyddwella 2114597 0 0 3 0 0 0 0 0 -18.560000 98.430000 -18.560000 98.430000 -18.560000 98.430000 0.0 0 
1.047198
 1 291 291 p_village_151 Helfeld 2114597 0 0 3 0 0 0 0 0 -40.770000 67.210000 -40.770000 67.210000 -40.770000 67.210000 0.0 0 
0.959931
 1 292 292 p_village_152 Bangor_Is_Coed 2114597 0 0 3 0 0 0 0 0 -20.350000 68.070000 -20.350000 68.070000 -20.350000 68.070000 0.0 0 
0.261799
 1 293 293 p_village_153 Cathures 2114597 0 0 3 0 0 0 0 0 -7.230000 -54.650000 -7.230000 -54.650000 -7.230000 -54.650000 0.0 0 
0.174533
 1 294 294 p_village_154 Essovre 2114597 0 0 3 0 0 0 0 0 -52.300000 76.940000 -52.300000 76.940000 -52.300000 76.940000 0.0 0 
0.610865
 1 295 295 p_village_155 LlangWern 2114597 0 0 3 0 0 0 0 0 -16.850000 92.700000 -16.850000 92.700000 -16.850000 92.700000 0.0 0 
2.792527
 1 296 296 p_village_156 Dwfr 2114597 0 0 3 0 0 0 0 0 -33.160000 54.690000 -33.160000 54.690000 -33.160000 54.690000 0.0 0 
3.141593
 1 297 297 p_village_157 Cill_Mic_Creannain 2114597 0 0 3 0 0 0 0 0 102.260000 -6.510000 102.260000 -6.510000 102.260000 -6.510000 0.0 0 
1.047198
 1 298 298 p_village_158 Aebbercurnig 2114597 0 0 3 0 0 0 0 0 -35.460000 -82.470000 -35.460000 -82.470000 -35.460000 -82.470000 0.0 0 
1.570796
 1 299 299 p_village_159 Irrus_Domnann 2114597 0 0 3 0 0 0 0 0 130.090000 28.630000 130.090000 28.630000 130.090000 28.630000 0.0 0 
3.141593
 1 300 300 p_village_160 Dyvnwtdd 2114597 0 0 3 0 0 0 0 0 6.350000 -24.390000 6.350000 -24.390000 6.350000 -24.390000 0.0 0 
0.610865
 1 301 301 p_village_161 Raith_Bec 2114597 0 0 3 0 0 0 0 0 51.350000 -1.840000 51.350000 -1.840000 51.350000 -1.840000 0.0 0 
3.141593
 1 302 302 p_village_162 Tuidhidhean 2114597 0 0 3 0 0 0 0 0 78.300000 10.510000 78.300000 10.510000 78.300000 10.510000 0.0 0 
4.537856
 1 303 303 p_village_163 Aberlessic 2114597 0 0 3 0 0 0 0 0 -50.600000 -86.190000 -50.600000 -86.190000 -50.600000 -86.190000 0.0 0 
4.188790
 1 304 304 p_village_164 Cluain_Meala 2114597 0 0 3 0 0 0 0 0 80.950000 106.410000 80.950000 106.410000 80.950000 106.410000 0.0 0 
4.188790
 1 305 305 p_village_165 Urnaidhe 2114597 0 0 3 0 0 0 0 0 63.570000 103.520000 63.570000 103.520000 63.570000 103.520000 0.0 0 
3.141593
 1 306 306 p_village_166 Anava 2114597 0 0 3 0 0 0 0 0 -18.790000 -6.290000 -18.790000 -6.290000 -18.790000 -6.290000 0.0 0 
0.785398
 1 307 307 p_village_167 Art_Muirchol 2114597 0 0 3 0 0 0 0 0 39.880000 -121.530000 39.880000 -121.530000 39.880000 -121.530000 0.0 0 
1.570796
 1 308 308 p_village_168 Cuince 2114597 0 0 3 0 0 0 0 0 104.240000 86.320000 104.240000 86.320000 104.240000 86.320000 0.0 0 
1.570796
 1 309 309 p_village_169 Ad_Cluanan 2114597 0 0 3 0 0 0 0 0 -44.610000 -154.410000 -44.610000 -154.410000 -44.610000 -154.410000 0.0 0 
0.610865
 1 310 310 p_village_170 Cliath 2114597 0 0 3 0 0 0 0 0 -26.540000 -196.700000 -26.540000 -196.700000 -26.540000 -196.700000 0.0 0 
0.785398
 1 311 311 p_village_171 Luimneach_Laighean 2114597 0 0 3 0 0 0 0 0 56.160000 107.540000 56.160000 107.540000 56.160000 107.540000 0.0 0 
0.785398
 1 312 312 p_village_172 Ard_Macha 2114597 0 0 3 0 0 0 0 0 70.590000 12.070000 70.590000 12.070000 70.590000 12.070000 0.0 0 
4.188790
 1 313 313 p_village_173 Beannchar 2114597 0 0 3 0 0 0 0 0 46.910000 4.480000 46.910000 4.480000 46.910000 4.480000 0.0 0 
1.570796
 1 314 314 p_village_174 Both_Domhnaigh 2114597 0 0 3 0 0 0 0 0 53.460000 5.620000 53.460000 5.620000 53.460000 5.620000 0.0 0 
1.396263
 1 315 315 p_village_175 Cathair_Chonroi 2114597 0 0 3 0 0 0 0 0 110.880000 93.790000 110.880000 93.790000 110.880000 93.790000 0.0 0 
0.785398
 1 316 316 p_village_176 Luachair 2114597 0 0 3 0 0 0 0 0 72.570000 87.570000 72.570000 87.570000 72.570000 87.570000 0.0 0 
1.570796
 1 317 317 p_village_177 Ached_Bou 2114597 0 0 3 0 0 0 0 0 76.730000 82.120000 76.730000 82.120000 76.730000 82.120000 0.0 0 
1.396263
 1 318 318 p_village_178 Dol_Ais 2114597 0 0 3 0 0 0 0 0 -21.130000 -164.140000 -21.130000 -164.140000 -21.130000 -164.140000 0.0 0 
0.610865
 1 319 319 p_village_179 Lois_Mor 2114597 0 0 3 0 0 0 0 0 97.130000 119.590000 97.130000 119.590000 97.130000 119.590000 0.0 0 
4.188790
 1 320 320 p_village_180 Mag_Liphi 2114597 0 0 3 0 0 0 0 0 55.780000 71.640000 55.780000 71.640000 55.780000 71.640000 0.0 0 
4.537856
 1 321 321 p_village_181 Dol 2114597 0 0 3 0 0 0 0 0 -1.290000 -113.990000 -1.290000 -113.990000 -1.290000 -113.990000 0.0 0 
4.188790
 1 322 322 p_village_182 Tairpert_Boitir 2114597 0 0 3 0 0 0 0 0 27.760000 -72.270000 27.760000 -72.270000 27.760000 -72.270000 0.0 0 
1.570796
 1 323 323 p_village_183 Ego 2114597 0 0 3 0 0 0 0 0 27.830000 -149.210000 27.830000 -149.210000 27.830000 -149.210000 0.0 0 
1.396263
 1 324 324 p_village_184 Boand 2114597 0 0 3 0 0 0 0 0 58.980000 44.470000 58.980000 44.470000 58.980000 44.470000 0.0 0 
0.785398
 1 325 325 p_village_185 Achadh_Fharcha 2114597 0 0 3 0 0 0 0 0 75.160000 50.230000 75.160000 50.230000 75.160000 50.230000 0.0 0 
3.141593
 1 326 326 p_village_186 Ir_Ysgyn 2114597 0 0 3 0 0 0 0 0 13.560000 -70.320000 13.560000 -70.320000 13.560000 -70.320000 0.0 0 
0.785398
 1 327 327 p_village_187 Boher_Bue 2114597 0 0 3 0 0 0 0 0 108.290000 110.190000 108.290000 110.190000 108.290000 110.190000 0.0 0 
1.047198
 1 328 328 p_village_188 Achadh_Chuinnire 2114597 0 0 3 0 0 0 0 0 89.220000 18.360000 89.220000 18.360000 89.220000 18.360000 0.0 0 
1.570796
 1 329 329 p_village_189 Sleamhain 2114597 0 0 3 0 0 0 0 0 51.520000 55.230000 51.520000 55.230000 51.520000 55.230000 0.0 0 
1.396263
 1 330 330 p_village_190 Gobhann 2114597 0 0 3 0 0 0 0 0 17.090000 -19.490000 17.090000 -19.490000 17.090000 -19.490000 0.0 0 
0.785398
 1 331 331 p_village_191 Huensis 2114597 0 0 3 0 0 0 0 0 49.400000 -122.820000 49.400000 -122.820000 49.400000 -122.820000 0.0 0 
4.188790
 1 332 332 p_village_192 Yr_Wyn 2114597 0 0 3 0 0 0 0 0 15.510000 -31.740000 15.510000 -31.740000 15.510000 -31.740000 0.0 0 
4.537856
 1 333 333 p_village_193 Ilea 2114597 0 0 3 0 0 0 0 0 58.890000 -91.150000 58.890000 -91.150000 58.890000 -91.150000 0.0 0 
1.570796
 1 334 334 p_village_194 Doirad_Eilinn 2114597 0 0 3 0 0 0 0 0 55.040000 -96.640000 55.040000 -96.640000 55.040000 -96.640000 0.0 0 
3.141593
 1 335 335 p_village_195 Baile_Loch 2114597 0 0 3 0 0 0 0 0 95.270000 27.590000 95.270000 27.590000 95.270000 27.590000 0.0 0 
1.570796
 1 336 336 p_village_196 Cindgaradh 2114597 0 0 3 0 0 0 0 0 26.530000 -57.130000 26.530000 -57.130000 26.530000 -57.130000 0.0 0 
1.570796
 1 337 337 p_village_197 Llanerch 2114597 0 0 3 0 0 0 0 0 -28.530000 -32.160000 -28.530000 -32.160000 -28.530000 -32.160000 0.0 0 
1.570796
 1 338 338 p_village_198 Druim_Dergblathiug 2114597 0 0 3 0 0 0 0 0 -30.780000 -121.850000 -30.780000 -121.850000 -30.780000 -121.850000 0.0 0 
1.396263
 1 339 339 p_village_199 Nisa 2114597 0 0 3 0 0 0 0 0 -0.330000 -167.770000 -0.330000 -167.770000 -0.330000 -167.770000 0.0 0 
0.785398
 1 340 340 p_village_200 Lugmud 2114597 0 0 3 0 0 0 0 0 60.910000 35.550000 60.910000 35.550000 60.910000 35.550000 0.0 0 
4.188790
 1 341 341 p_village_201 Dumha_Aichir 2114597 0 0 3 0 0 0 0 0 64.740000 93.090000 64.740000 93.090000 64.740000 93.090000 0.0 0 
4.537856
 1 342 342 p_village_202 Clogher_Mor 2114597 0 0 3 0 0 0 0 0 121.620000 100.150000 121.620000 100.150000 121.620000 100.150000 0.0 0 
3.141593
 1 343 343 p_village_203 Imchlar 2114597 0 0 3 0 0 0 0 0 72.420000 1.240000 72.420000 1.240000 72.420000 1.240000 0.0 0 
4.188790
 1 344 344 p_village_204 Cath_Atho_Dara 2114597 0 0 3 0 0 0 0 0 100.340000 99.360000 100.340000 99.360000 100.340000 99.360000 0.0 0 
0.785398
 1 345 345 p_village_205 Mageduac 2114597 0 0 3 0 0 0 0 0 -8.490000 -72.490000 -8.490000 -72.490000 -8.490000 -72.490000 0.0 0 
1.570796
 1 346 346 p_village_206 Ached_Fobuir 2114597 0 0 3 0 0 0 0 0 115.540000 36.940000 115.540000 36.940000 115.540000 36.940000 0.0 0 
1.570796
 1 347 347 p_village_207 Uaine 2114597 0 0 3 0 0 0 0 0 -39.870000 -129.770000 -39.870000 -129.770000 -39.870000 -129.770000 0.0 0 
1.396263
 1 348 348 p_village_208 Magh_Gals 2114597 0 0 3 0 0 0 0 0 80.710000 90.450000 80.710000 90.450000 80.710000 90.450000 0.0 0 
4.188790
 1 349 349 p_village_209 Pabell 2114597 0 0 3 0 0 0 0 0 -21.840000 -40.180000 -21.840000 -40.180000 -21.840000 -40.180000 0.0 0 
4.188790
 1 350 350 p_village_210 Aillinn 2114597 0 0 3 0 0 0 0 0 71.540000 78.560000 71.540000 78.560000 71.540000 78.560000 0.0 0 
4.537856
 1 351 351 p_village_211 Ruim 2114597 0 0 3 0 0 0 0 0 40.760000 -171.800000 40.760000 -171.800000 40.760000 -171.800000 0.0 0 
1.570796
 1 352 352 p_village_212 Daire_Calgaich 2114597 0 0 3 0 0 0 0 0 80.550000 -12.310000 80.550000 -12.310000 80.550000 -12.310000 0.0 0 
3.141593
 1 353 353 p_salt_mine Salinae 2114591 0 0 3 0 0 0 0 0 -32.080000 79.950000 -32.080000 79.950000 -32.080000 79.950000 0.0 0 
0.000000
 1 354 354 p_four_ways_inn Feotherestan_(inn) 2114831 0 0 3 0 0 0 0 0 -70.420000 41.420000 -70.420000 41.420000 -70.420000 41.420000 0.0 0 
0.000000
 1 355 355 p_test_scene test_scene 2114831 0 0 3 0 0 0 0 0 10.800000 -19.600000 10.800000 -19.600000 10.800000 -19.600000 0.0 0 
0.000000
 1 356 356 p_battlefields battlefields 2114831 0 0 3 0 0 0 0 0 10.800000 -16.600000 10.800000 -16.600000 10.800000 -16.600000 0.0 0 
0.000000
 1 357 357 p_celidon_forest Ancient_Stones 2114593 0 0 3 0 0 0 0 0 13.880000 78.560000 13.880000 78.560000 13.880000 78.560000 0.0 0 
0.000000
 1 358 358 p_hidden_valley Rare_Ruins 2114591 0 0 3 0 0 0 0 0 -59.910000 47.690000 -59.910000 47.690000 -59.910000 47.690000 0.0 0 
0.000000
 1 359 359 p_iniau_hideout Sacred_Grove 2114593 0 0 3 0 0 0 0 0 91.280000 89.860000 91.280000 89.860000 91.280000 89.860000 0.0 0 
0.000000
 1 360 360 p_quarry1 Quarry 2114591 0 0 3 0 0 0 0 0 86.110000 67.170000 86.110000 67.170000 86.110000 67.170000 0.0 0 
0.000000
 1 361 361 p_hadrian_wall1 Hadrian_Wall 2114591 0 0 3 0 0 0 0 0 -29.830000 1.260000 -29.830000 1.260000 -29.830000 1.260000 0.0 0 
0.000000
 1 362 362 p_odin_cave Cave 2114593 0 0 3 0 0 0 0 0 16.500000 -122.850000 16.500000 -122.850000 16.500000 -122.850000 0.0 0 
0.000000
 1 363 363 p_river_delta River_Delta 2114831 0 0 3 0 0 0 0 0 -8.710000 148.080000 -8.710000 148.080000 -8.710000 148.080000 0.0 0 
0.000000
 1 364 364 p_quarry Quarry 2114831 0 0 3 0 0 0 0 0 85.110000 69.170000 85.110000 69.170000 85.110000 69.170000 0.0 0 
0.000000
 1 365 365 p_tilting_at_windmills Tilting_at_Windmills 2114831 0 0 3 0 0 0 0 0 -38.510000 -2.700000 -38.510000 -2.700000 -38.510000 -2.700000 0.0 0 
0.000000
 1 366 366 p_multi_indigo_cradle Cradle 2114831 0 0 3 0 0 0 0 0 -45.170000 24.780000 -45.170000 24.780000 -45.170000 24.780000 0.0 0 
0.000000
 1 367 367 p_multi_indigo_frontier Frontier 2114831 0 0 3 0 0 0 0 0 -50.060000 59.240000 -50.060000 59.240000 -50.060000 59.240000 0.0 0 
0.000000
 1 368 368 p_of_multi_caravan_ambush Caravan_ambush 2114831 0 0 3 0 0 0 0 0 75.670000 34.650000 75.670000 34.650000 75.670000 34.650000 0.0 0 
0.000000
 1 369 369 p_of_multi_crezy Forest_Pass 2114831 0 0 3 0 0 0 0 0 -84.940000 109.480000 -84.940000 109.480000 -84.940000 109.480000 0.0 0 
0.000000
 1 370 370 p_of_multi_fjord Fjord 2114831 0 0 3 0 0 0 0 0 -19.220000 117.010000 -19.220000 117.010000 -19.220000 117.010000 0.0 0 
0.000000
 1 371 371 p_of_multi_hastings Hastings 2114831 0 0 3 0 0 0 0 0 -99.030000 146.310000 -99.030000 146.310000 -99.030000 146.310000 0.0 0 
0.000000
 1 372 372 p_of_multi_hot_gates Hot_Gates 2114831 0 0 3 0 0 0 0 0 -6.860000 -21.440000 -6.860000 -21.440000 -6.860000 -21.440000 0.0 0 
0.000000
 1 373 373 p_of_multi_mini_circles Circle 2114831 0 0 3 0 0 0 0 0 12.570000 88.440000 12.570000 88.440000 12.570000 88.440000 0.0 0 
0.000000
 1 374 374 p_of_multi_rock_valley Rock_Valley 2114831 0 0 3 0 0 0 0 0 -5.060000 -124.730000 -5.060000 -124.730000 -5.060000 -124.730000 0.0 0 
0.000000
 1 375 375 p_of_multi_small_ruins Ruins 2114831 0 0 3 0 0 0 0 0 -132.860000 106.230000 -132.860000 106.230000 -132.860000 106.230000 0.0 0 
0.000000
 1 376 376 p_of_multi_stone_circles Stone_Circles 2114831 0 0 3 0 0 0 0 0 102.430000 106.430000 102.430000 106.430000 102.430000 106.430000 0.0 0 
0.000000
 1 377 377 p_of_multi_thingvellir Thingvellir 2114831 0 0 3 0 0 0 0 0 -21.810000 -62.640000 -21.810000 -62.640000 -21.810000 -62.640000 0.0 0 
0.000000
 1 378 378 p_battle_stones Stone_Row 2114831 0 0 3 0 0 0 0 0 17.240000 148.360000 17.240000 148.360000 17.240000 148.360000 0.0 0 
0.000000
 1 379 379 p_circle_mystic Circle_Mystic 2114831 0 0 3 0 0 0 0 0 56.700000 155.700000 56.700000 155.700000 56.700000 155.700000 0.0 0 
0.000000
 1 380 380 p_roman_fort Roman_Fort 2114831 0 0 3 0 0 0 0 0 -33.310000 51.890000 -33.310000 51.890000 -33.310000 51.890000 0.0 0 
0.000000
 1 381 381 p_hadrian_wall Hadrian_Wall 2114831 0 0 3 0 0 0 0 0 -27.830000 0.260000 -27.830000 0.260000 -27.830000 0.260000 0.0 0 
0.000000
 1 382 382 p_farmland Farmland 2114831 0 0 3 0 0 0 0 0 -57.470000 106.650000 -57.470000 106.650000 -57.470000 106.650000 0.0 0 
0.000000
 1 383 383 p_stonemonumento stonemonumento 2114831 0 0 3 0 0 0 0 0 -76.680000 15.200000 -76.680000 15.200000 -76.680000 15.200000 0.0 0 
0.000000
 1 384 384 p_forestbattle Forest_Battle 2114831 0 0 3 0 0 0 0 0 81.270000 86.170000 81.270000 86.170000 81.270000 86.170000 0.0 0 
0.000000
 1 385 385 p_multi_scene_dam_10 Dam 2114831 0 0 3 0 0 0 0 0 -7.640000 -50.410000 -7.640000 -50.410000 -7.640000 -50.410000 0.0 0 
0.000000
 1 386 386 p_dhorak_keep Dhorak_Keep 2639116 0 0 3 0 0 0 0 0 -56.000000 -57.000000 -56.000000 -57.000000 -56.000000 -57.000000 0.0 0 
0.000000
 1 387 387 p_training_ground Training_Ground 2114852 0 0 3 0 0 0 0 0 -4.660000 -91.680000 -4.660000 -91.680000 -4.660000 -91.680000 0.0 0 
0.000000
 1 388 388 p_training_ground_1 Training_Field 2118692 0 0 3 0 0 0 0 0 -26.790000 -28.960000 -26.790000 -28.960000 -26.790000 -28.960000 0.0 0 
1.745329
 1 389 389 p_training_ground_2 Training_Village 2118692 0 0 3 0 0 0 0 0 78.300000 62.730000 78.300000 62.730000 78.300000 62.730000 0.0 0 
1.745329
 1 390 390 p_training_ground_3 Training_Field 2118948 0 0 3 0 0 0 0 0 -45.600000 33.540000 -45.600000 33.540000 -45.600000 33.540000 0.0 0 
1.745329
 1 391 391 p_training_ground_4 Training_Lake 2118692 0 0 3 0 0 0 0 0 -62.930000 70.610000 -62.930000 70.610000 -62.930000 70.610000 0.0 0 
1.745329
 1 392 392 p_training_ground_5 Training_Camp 2118692 0 0 3 0 0 0 0 0 -64.270000 128.700000 -64.270000 128.700000 -64.270000 128.700000 0.0 0 
1.745329
 1 393 393 p_monasterio1 Ad_Candida_Casam 2114573 0 0 3 0 0 0 0 0 11.720000 3.920000 11.720000 3.920000 11.720000 3.920000 0.0 0 
0.000000
 1 394 394 p_monasterio2 Iona 2114573 0 0 3 0 0 0 0 0 53.480000 -112.830000 53.480000 -112.830000 53.480000 -112.830000 0.0 0 
0.000000
 1 395 395 p_monasterio3 Cill_Dara 2114573 0 0 3 0 0 0 0 0 69.130000 82.560000 69.130000 82.560000 69.130000 82.560000 0.0 0 
0.000000
 1 396 396 p_monasterio4 Dommoc 2114573 0 0 3 0 0 0 0 0 -141.980000 93.090000 -141.980000 93.090000 -141.980000 93.090000 0.0 0 
0.000000
 1 397 397 p_monasterio5 Lindisfarne 2114573 0 0 3 0 0 0 0 0 -64.630000 -54.080000 -64.630000 -54.080000 -64.630000 -54.080000 0.0 0 
0.000000
 1 398 398 p_monasterio6 Mynyw 2114573 0 0 3 0 0 0 0 0 22.290000 110.530000 22.290000 110.530000 22.290000 110.530000 0.0 0 
0.000000
 1 399 399 p_monasterio7 Ard_Macha 2114573 0 0 3 0 0 0 0 0 64.440000 11.640000 64.440000 11.640000 64.440000 11.640000 0.0 0 
0.000000
 1 400 400 p_monasterio8 Abbercurnig 2114573 0 0 3 0 0 0 0 0 -30.190000 -79.050000 -30.190000 -79.050000 -30.190000 -79.050000 0.0 0 
0.000000
 1 401 401 p_outpost_1 Outpost 17685 0 0 3 0 0 0 0 0 0.000000 0.000000 0.000000 0.000000 0.000000 0.000000 0.0 0 
0.000000
 1 402 402 p_outpost_2 Outpost 17685 0 0 3 0 0 0 0 0 1.000000 -1.000000 1.000000 -1.000000 1.000000 -1.000000 0.0 0 
0.000000
 1 403 403 p_fort My_Lair 21783 0 0 3 0 0 0 0 0 1.000000 1.000000 1.000000 1.000000 1.000000 1.000000 0.0 0 
0.000000
 1 404 404 p_temp_loot_wagon Supply_Wagon 256 0 0 1 0 0 0 0 0 0.000000 0.000000 0.000000 0.000000 0.000000 0.000000 0.0 0 
0.000000
 1 405 405 p_bridge_1 {!}1 541742 0 0 3 0 0 0 0 0 -73.100000 33.570000 -73.100000 33.570000 -73.100000 33.570000 0.0 0 
1.570796
 1 406 406 p_bridge_2 {!}2 541742 0 0 3 0 0 0 0 0 11.140000 -143.730000 11.140000 -143.730000 11.140000 -143.730000 0.0 0 
1.117011
 1 407 407 p_bridge_3 {!}3 541742 0 0 3 0 0 0 0 0 -78.790000 78.500000 -78.790000 78.500000 -78.790000 78.500000 0.0 0 
0.174533
 1 408 408 p_bridge_4 {!}4 541742 0 0 3 0 0 0 0 0 -19.030000 106.280000 -19.030000 106.280000 -19.030000 106.280000 0.0 0 
1.570796
 1 409 409 p_bridge_5 {!}5 541742 0 0 3 0 0 0 0 0 -89.920000 131.420000 -89.920000 131.420000 -89.920000 131.420000 0.0 0 
2.356194
 1 410 410 p_bridge_6 {!}6 541744 0 0 3 0 0 0 0 0 -50.210000 125.740000 -50.210000 125.740000 -50.210000 125.740000 0.0 0 
2.094395
 1 411 411 p_bridge_7 {!}7 541744 0 0 3 0 0 0 0 0 -19.960000 94.240000 -19.960000 94.240000 -19.960000 94.240000 0.0 0 
1.308997
 1 412 412 p_bridge_8 {!}8 541744 0 0 3 0 0 0 0 0 33.180000 -58.180000 33.180000 -58.180000 33.180000 -58.180000 0.0 0 
0.959931
 1 413 413 p_bridge_9 {!}9 541742 0 0 3 0 0 0 0 0 -6.570000 139.150000 -6.570000 139.150000 -6.570000 139.150000 0.0 0 
1.047198
 1 414 414 p_bridge_10 {!}10 541742 0 0 3 0 0 0 0 0 8.430000 -63.920000 8.430000 -63.920000 8.430000 -63.920000 0.0 0 
0.610865
 1 415 415 p_bridge_11 {!}11 541742 0 0 3 0 0 0 0 0 -59.360000 7.540000 -59.360000 7.540000 -59.360000 7.540000 0.0 0 
1.570796
 1 416 416 p_bridge_12 {!}12 541743 0 0 3 0 0 0 0 0 -70.110000 126.350000 -70.110000 126.350000 -70.110000 126.350000 0.0 0 
2.356194
 1 417 417 p_bridge_13 {!}13 541743 0 0 3 0 0 0 0 0 -30.410000 112.360000 -30.410000 112.360000 -30.410000 112.360000 0.0 0 
1.570796
 1 418 418 p_bridge_15 {!}15 541743 0 0 3 0 0 0 0 0 -4.420000 83.180000 -4.420000 83.180000 -4.420000 83.180000 0.0 0 
0.261799
 1 419 419 p_bridge_16 {!}16 541743 0 0 3 0 0 0 0 0 88.030000 44.520000 88.030000 44.520000 88.030000 44.520000 0.0 0 
0.610865
 1 420 420 p_bridge_17 {!}17 541743 0 0 3 0 0 0 0 0 92.490000 50.250000 92.490000 50.250000 92.490000 50.250000 0.0 0 
0.261799
 1 421 421 p_bridge_18 {!}18 541743 0 0 3 0 0 0 0 0 73.530000 91.600000 73.530000 91.600000 73.530000 91.600000 0.0 0 
1.570796
 1 422 422 p_bridge_19 {!}19 541743 0 0 3 0 0 0 0 0 86.300000 94.140000 86.300000 94.140000 86.300000 94.140000 0.0 0 
2.094395
 1 423 423 p_looter_spawn_point looter_sp 1280 0 0 2 0 0 0 0 0 2.790000 92.010000 2.790000 92.010000 2.790000 92.010000 0.0 1 147 15 0 0 
0.000000
 1 424 424 p_looter_spawn_point3 looter_sp 1280 0 0 2 0 0 0 0 0 87.910000 6.070000 87.910000 6.070000 87.910000 6.070000 0.0 1 147 15 0 0 
0.000000
 1 425 425 p_steppe_bandit_spawn_point steppe_bandit_sp 1280 0 0 2 0 0 0 0 0 79.600000 93.280000 79.600000 93.280000 79.600000 93.280000 0.0 1 147 15 0 0 
0.000000
 1 426 426 p_taiga_bandit_spawn_point the_tundra 1280 0 0 2 0 0 0 0 0 87.670000 103.200000 87.670000 103.200000 87.670000 103.200000 0.0 1 147 15 0 0 
0.000000
 1 427 427 p_forest_bandit_spawn_point forest_bandit_sp 1280 0 0 2 0 0 0 0 0 -3.880000 -110.940000 -3.880000 -110.940000 -3.880000 -110.940000 0.0 1 147 15 0 0 
0.000000
 1 428 428 p_forest_bandit_spawn_point2 forest_bandit_sp 1280 0 0 2 0 0 0 0 0 93.020000 54.610000 93.020000 54.610000 93.020000 54.610000 0.0 1 147 15 0 0 
0.000000
 1 429 429 p_forest_bandit_spawn_point4 forest_bandit_sp 1280 0 0 2 0 0 0 0 0 -60.140000 44.870000 -60.140000 44.870000 -60.140000 44.870000 0.0 1 147 15 0 0 
0.000000
 1 430 430 p_mountain_bandit_spawn_point mountain_bandit_sp 1280 0 0 2 0 0 0 0 0 -35.790000 -54.240000 -35.790000 -54.240000 -35.790000 -54.240000 0.0 1 147 15 0 0 
0.000000
 1 431 431 p_mountain_bandit_spawn_point3 mountain_bandit_sp 1280 0 0 2 0 0 0 0 0 -7.890000 -13.680000 -7.890000 -13.680000 -7.890000 -13.680000 0.0 1 147 15 0 0 
0.000000
 1 432 432 p_new_sp new_sp 1280 0 0 3 0 0 0 0 0 -38.010000 -75.390000 -38.010000 -75.390000 -38.010000 -75.390000 0.0 1 147 15 0 0 
0.000000
 1 433 433 p_new_sp2 new_sp 1280 0 0 3 0 0 0 0 0 -30.310000 109.390000 -30.310000 109.390000 -30.310000 109.390000 0.0 1 147 15 0 0 
0.000000
 1 434 434 p_new_sp3 new_sp 1280 0 0 3 0 0 0 0 0 60.310000 50.390000 60.310000 50.390000 60.310000 50.390000 0.0 1 147 15 0 0 
0.000000
 1 435 435 p_new_sp4 new_sp 1280 0 0 3 0 0 0 0 0 -59.310000 142.390000 -59.310000 142.390000 -59.310000 142.390000 0.0 1 147 15 0 0 
0.000000
 1 436 436 p_sea_raider_spawn_point_1 sea_raider_sp 1280 0 0 2 0 0 0 0 0 -116.540000 151.020000 -116.540000 151.020000 -116.540000 151.020000 0.0 1 147 15 0 0 
0.000000
 1 437 437 p_sea_raider_spawn_point_2 sea_raider_sp 1280 0 0 2 0 0 0 0 0 -93.610000 86.140000 -93.610000 86.140000 -93.610000 86.140000 0.0 1 147 15 0 0 
0.000000
 1 438 438 p_sea_raider_spawn_point_3 sea_raider_sp 1280 0 0 2 0 0 0 0 0 -28.670000 159.380000 -28.670000 159.380000 -28.670000 159.380000 0.0 1 147 15 0 0 
0.000000
 1 439 439 p_desert_bandit_spawn_point the_deserts 1280 0 0 2 0 0 0 0 0 -24.930000 109.880000 -24.930000 109.880000 -24.930000 109.880000 0.0 1 147 15 0 0 
0.000000
 1 440 440 p_ship_raider_spawn_point_1 sea_pirate_sp 1280 0 0 2 0 0 0 0 0 145.640000 198.250000 145.640000 198.250000 145.640000 198.250000 0.0 1 147 15 0 0 
0.000000
 1 441 441 p_ship_raider_spawn_point_2 sea_pirate_sp 1280 0 0 2 0 0 0 0 0 129.390000 -98.890000 129.390000 -98.890000 129.390000 -98.890000 0.0 1 147 15 0 0 
0.000000
 1 442 442 p_ship_raider_spawn_point_3 sea_pirate_sp 1280 0 0 2 0 0 0 0 0 -199.270000 166.670000 -199.270000 166.670000 -199.270000 166.670000 0.0 1 147 15 0 0 
0.000000
 1 443 443 p_spawn_points_end {!}last_spawn_point 1280 0 0 1 0 0 0 0 0 0.000000 0.000000 0.000000 0.000000 0.000000 0.000000 0.0 1 147 15 0 0 
0.000000
 1 444 444 p_reserved_1 {!}last_spawn_point 1280 0 0 1 0 0 0 0 0 0.000000 0.000000 0.000000 0.000000 0.000000 0.000000 0.0 1 147 15 0 0 
0.000000
 1 445 445 p_reserved_2 {!}last_spawn_point 1280 0 0 1 0 0 0 0 0 0.000000 0.000000 0.000000 0.000000 0.000000 0.000000 0.0 1 147 15 0 0 
0.000000
 1 446 446 p_reserved_3 {!}last_spawn_point 1280 0 0 1 0 0 0 0 0 0.000000 0.000000 0.000000 0.000000 0.000000 0.000000 0.0 1 147 15 0 0 
0.000000
 1 447 447 p_reserved_4 {!}last_spawn_point 1280 0 0 1 0 0 0 0 0 0.000000 0.000000 0.000000 0.000000 0.000000 0.000000 0.0 1 147 15 0 0 
0.000000
 1 448 448 p_reserved_5 {!}last_spawn_point 1280 0 0 1 0 0 0 0 0 0.000000 0.000000 0.000000 0.000000 0.000000 0.000000 0.0 1 147 15 0 0 
0.000000
