partiesfile version 1
200 200
 1 0 0 p_main_party Main_Party 1048576 0 0 12 0 0 0 0 0 17.000000 52.500000 17.000000 52.500000 17.000000 52.500000 0.0 1 0 1 0 0 
0.000000
 1 1 1 p_temp_party temp_party 256 0 0 1 0 0 0 0 0 0.000000 0.000000 0.000000 0.000000 0.000000 0.000000 0.0 0 
0.000000
 1 2 2 p_camp_bandits camp_bandits 256 0 0 2 0 0 0 0 0 1.000000 1.000000 1.000000 1.000000 1.000000 1.000000 0.0 1 3 3 0 0 
0.000000
 1 3 3 p_temp_party_2 temp_party_2 256 0 0 1 0 0 0 0 0 0.000000 0.000000 0.000000 0.000000 0.000000 0.000000 0.0 0 
0.000000
 1 4 4 p_temp_casualties casualties 256 0 0 3 0 0 0 0 0 1.000000 1.000000 1.000000 1.000000 1.000000 1.000000 0.0 0 
0.000000
 1 5 5 p_temp_casualties_2 casualties 256 0 0 3 0 0 0 0 0 1.000000 1.000000 1.000000 1.000000 1.000000 1.000000 0.0 0 
0.000000
 1 6 6 p_temp_casualties_3 casualties 256 0 0 3 0 0 0 0 0 1.000000 1.000000 1.000000 1.000000 1.000000 1.000000 0.0 0 
0.000000
 1 7 7 p_temp_wounded enemies_wounded 256 0 0 3 0 0 0 0 0 1.000000 1.000000 1.000000 1.000000 1.000000 1.000000 0.0 0 
0.000000
 1 8 8 p_temp_killed enemies_killed 256 0 0 3 0 0 0 0 0 1.000000 1.000000 1.000000 1.000000 1.000000 1.000000 0.0 0 
0.000000
 1 9 9 p_main_party_backup _ 256 0 0 3 0 0 0 0 0 1.000000 1.000000 1.000000 1.000000 1.000000 1.000000 0.0 0 
0.000000
 1 10 10 p_encountered_party_backup _ 256 0 0 3 0 0 0 0 0 1.000000 1.000000 1.000000 1.000000 1.000000 1.000000 0.0 0 
0.000000
 1 11 11 p_collective_friends_backup _ 256 0 0 3 0 0 0 0 0 1.000000 1.000000 1.000000 1.000000 1.000000 1.000000 0.0 0 
0.000000
 1 12 12 p_player_casualties _ 256 0 0 3 0 0 0 0 0 1.000000 1.000000 1.000000 1.000000 1.000000 1.000000 0.0 0 
0.000000
 1 13 13 p_enemy_casualties _ 256 0 0 3 0 0 0 0 0 1.000000 1.000000 1.000000 1.000000 1.000000 1.000000 0.0 0 
0.000000
 1 14 14 p_ally_casualties _ 256 0 0 3 0 0 0 0 0 1.000000 1.000000 1.000000 1.000000 1.000000 1.000000 0.0 0 
0.000000
 1 15 15 p_collective_enemy collective_enemy 256 0 0 3 0 0 0 0 0 1.000000 1.000000 1.000000 1.000000 1.000000 1.000000 0.0 0 
0.000000
 1 16 16 p_collective_ally collective_ally 256 0 0 3 0 0 0 0 0 1.000000 1.000000 1.000000 1.000000 1.000000 1.000000 0.0 0 
0.000000
 1 17 17 p_collective_friends collective_ally 256 0 0 3 0 0 0 0 0 1.000000 1.000000 1.000000 1.000000 1.000000 1.000000 0.0 0 
0.000000
 1 18 18 p_zendar Zendar 2114828 0 0 3 0 0 0 0 0 18.000000 60.000000 18.000000 60.000000 18.000000 60.000000 0.0 0 
0.000000
 1 19 19 p_town_1 Sargoth 4219916 0 0 3 0 0 0 0 0 -1.550000 66.450000 -1.550000 66.450000 -1.550000 66.450000 0.0 0 
2.967060
 1 20 20 p_town_2 Tihr 4219916 0 0 3 0 0 0 0 0 -48.900000 92.600000 -48.900000 92.600000 -48.900000 92.600000 0.0 0 
2.094395
 1 21 21 p_town_3 Veluca 4219916 0 0 3 0 0 0 0 0 -55.000000 -57.000000 -55.000000 -57.000000 -55.000000 -57.000000 0.0 0 
1.396263
 1 22 22 p_town_4 Suno 4219916 0 0 3 0 0 0 0 0 -23.000000 33.500000 -23.000000 33.500000 -23.000000 33.500000 0.0 0 
5.061455
 1 23 23 p_town_5 Jelkala 4219916 0 0 3 0 0 0 0 0 -41.000000 -20.350000 -41.000000 -20.350000 -41.000000 -20.350000 0.0 0 
1.570796
 1 24 24 p_town_6 Praven 4219916 0 0 3 0 0 0 0 0 -6.700000 -15.600000 -6.700000 -15.600000 -6.700000 -15.600000 0.0 0 
2.705260
 1 25 25 p_town_7 Uxkhal 4219916 0 0 3 0 0 0 0 0 13.800000 -41.200000 13.800000 -41.200000 13.800000 -41.200000 0.0 0 
4.188790
 1 26 26 p_town_8 Reyvadin 4219916 0 0 3 0 0 0 0 0 52.500000 53.500000 52.500000 53.500000 52.500000 53.500000 0.0 0 
3.054326
 1 27 27 p_town_9 Khudan 4219928 0 0 3 0 0 0 0 0 89.000000 40.500000 89.000000 40.500000 89.000000 40.500000 0.0 0 
1.570796
 1 28 28 p_town_10 Tulga 4219917 0 0 3 0 0 0 0 0 70.000000 -67.750000 70.000000 -67.750000 70.000000 -67.750000 0.0 0 
5.410521
 1 29 29 p_town_11 Curaw 4219928 0 0 3 0 0 0 0 0 83.000000 0.700000 83.000000 0.700000 83.000000 0.700000 0.0 0 
2.617994
 1 30 30 p_town_12 Wercheg 4219916 0 0 3 0 0 0 0 0 43.000000 84.500000 43.000000 84.500000 43.000000 84.500000 0.0 0 
0.436332
 1 31 31 p_town_13 Rivacheg 4219916 0 0 3 0 0 0 0 0 73.700000 74.200000 73.700000 74.200000 73.700000 74.200000 0.0 0 
1.047198
 1 32 32 p_town_14 Halmar 4219917 0 0 3 0 0 0 0 0 28.000000 -80.000000 28.000000 -80.000000 28.000000 -80.000000 0.0 0 
2.356194
 1 33 33 p_town_15 Yalen 4219916 0 0 3 0 0 0 0 0 -64.100000 16.500000 -64.100000 16.500000 -64.100000 16.500000 0.0 0 
2.356194
 1 34 34 p_town_16 Dhirim 4219916 0 0 3 0 0 0 0 0 20.700000 18.600000 20.700000 18.600000 20.700000 18.600000 0.0 0 
2.356194
 1 35 35 p_town_17 Ichamur 4219917 0 0 3 0 0 0 0 0 51.000000 -48.000000 51.000000 -48.000000 51.000000 -48.000000 0.0 0 
2.356194
 1 36 36 p_town_18 Narra 4219917 0 0 3 0 0 0 0 0 -22.600000 -82.000000 -22.600000 -82.000000 -22.600000 -82.000000 0.0 0 
2.356194
 1 37 37 p_castle_1 Culmarr_Castle 4215828 0 0 3 0 0 0 0 0 -69.200000 31.300000 -69.200000 31.300000 -69.200000 31.300000 0.0 0 
0.872665
 1 38 38 p_castle_2 Malayurg_Castle 4215829 0 0 3 0 0 0 0 0 33.600000 -45.600000 33.600000 -45.600000 33.600000 -45.600000 0.0 0 
1.308997
 1 39 39 p_castle_3 Bulugha_Castle 4215828 0 0 3 0 0 0 0 0 67.000000 75.000000 67.000000 75.000000 67.000000 75.000000 0.0 0 
1.745329
 1 40 40 p_castle_4 Radoghir_Castle 4215830 0 0 3 0 0 0 0 0 91.500000 85.300000 91.500000 85.300000 91.500000 85.300000 0.0 0 
3.141593
 1 41 41 p_castle_5 Tehlrog_Castle 4215830 0 0 3 0 0 0 0 0 -19.700000 50.100000 -19.700000 50.100000 -19.700000 50.100000 0.0 0 
1.570796
 1 42 42 p_castle_6 Tilbaut_Castle 4215828 0 0 3 0 0 0 0 0 23.300000 57.300000 23.300000 57.300000 23.300000 57.300000 0.0 0 
0.959931
 1 43 43 p_castle_7 Sungetche_Castle 4215836 0 0 3 0 0 0 0 0 62.000000 -28.500000 62.000000 -28.500000 62.000000 -28.500000 0.0 0 
0.785398
 1 44 44 p_castle_8 Jeirbe_Castle 4215828 0 0 3 0 0 0 0 0 33.500000 39.600000 33.500000 39.600000 33.500000 39.600000 0.0 0 
0.523599
 1 45 45 p_castle_9 Jamiche_Castle 4215828 0 0 3 0 0 0 0 0 -46.000000 -68.300000 -46.000000 -68.300000 -46.000000 -68.300000 0.0 0 
1.745329
 1 46 46 p_castle_10 Alburq_Castle 4215828 0 0 3 0 0 0 0 0 57.000000 81.500000 57.000000 81.500000 57.000000 81.500000 0.0 0 
1.919862
 1 47 47 p_castle_11 Curin_Castle 4215828 0 0 3 0 0 0 0 0 -50.300000 81.360000 -50.300000 81.360000 -50.300000 81.360000 0.0 0 
1.308997
 1 48 48 p_castle_12 Chalbek_Castle 4215829 0 0 3 0 0 0 0 0 -78.700000 89.500000 -78.700000 89.500000 -78.700000 89.500000 0.0 0 
1.658063
 1 49 49 p_castle_13 Kelredan_Castle 4215828 0 0 3 0 0 0 0 0 -5.000000 36.000000 -5.000000 36.000000 -5.000000 36.000000 0.0 0 
2.007129
 1 50 50 p_castle_14 Maras_Castle 4215830 0 0 3 0 0 0 0 0 -74.800000 -34.250000 -74.800000 -34.250000 -74.800000 -34.250000 0.0 0 
1.570796
 1 51 51 p_castle_15 Ergellon_Castle 4215828 0 0 3 0 0 0 0 0 -54.500000 -15.000000 -54.500000 -15.000000 -54.500000 -15.000000 0.0 0 
4.101524
 1 52 52 p_castle_16 Almerra_Castle 4215830 0 0 3 0 0 0 0 0 -34.700000 -22.600000 -34.700000 -22.600000 -34.700000 -22.600000 0.0 0 
0.785398
 1 53 53 p_castle_17 Distar_Castle 4215828 0 0 3 0 0 0 0 0 -27.650000 -68.300000 -27.650000 -68.300000 -27.650000 -68.300000 0.0 0 
0.261799
 1 54 54 p_castle_18 Ismirala_Castle 4215836 0 0 3 0 0 0 0 0 64.700000 -3.000000 64.700000 -3.000000 64.700000 -3.000000 0.0 0 
5.235988
 1 55 55 p_castle_19 Yruma_Castle 4215836 0 0 3 0 0 0 0 0 71.000000 44.000000 71.000000 44.000000 71.000000 44.000000 0.0 0 
4.886922
 1 56 56 p_castle_20 Derchios_Castle 4215828 0 0 3 0 0 0 0 0 18.200000 28.820000 18.200000 28.820000 18.200000 28.820000 0.0 0 
4.537856
 1 57 57 p_castle_21 Ibdeles_Castle 4215828 0 0 3 0 0 0 0 0 -56.800000 4.100000 -56.800000 4.100000 -56.800000 4.100000 0.0 0 
4.537856
 1 58 58 p_castle_22 Unuzdaq_Castle 4215828 0 0 3 0 0 0 0 0 2.000000 -59.250000 2.000000 -59.250000 2.000000 -59.250000 0.0 0 
4.537856
 1 59 59 p_castle_23 Tevarin_Castle 4215828 0 0 3 0 0 0 0 0 7.750000 -48.000000 7.750000 -48.000000 7.750000 -48.000000 0.0 0 
1.396263
 1 60 60 p_castle_24 Reindi_Castle 4215828 0 0 3 0 0 0 0 0 -18.500000 -18.300000 -18.500000 -18.300000 -18.500000 -18.300000 0.0 0 
4.537856
 1 61 61 p_castle_25 Ryibelet_Castle 4215828 0 0 3 0 0 0 0 0 -41.700000 32.100000 -41.700000 32.100000 -41.700000 32.100000 0.0 0 
4.537856
 1 62 62 p_castle_26 Senuzgda_Castle 4215828 0 0 3 0 0 0 0 0 -23.700000 -5.400000 -23.700000 -5.400000 -23.700000 -5.400000 0.0 0 
4.537856
 1 63 63 p_castle_27 Rindyar_Castle 4215828 0 0 3 0 0 0 0 0 47.600000 -3.500000 47.600000 -3.500000 47.600000 -3.500000 0.0 0 
4.537856
 1 64 64 p_castle_28 Grunwalder_Castle 4215828 0 0 3 0 0 0 0 0 -22.750000 -31.200000 -22.750000 -31.200000 -22.750000 -31.200000 0.0 0 
4.537856
 1 65 65 p_castle_29 Nelag_Castle 4215836 0 0 3 0 0 0 0 0 96.000000 28.000000 96.000000 28.000000 96.000000 28.000000 0.0 0 
4.886922
 1 66 66 p_castle_30 Asugan_Castle 4215831 0 0 3 0 0 0 0 0 90.000000 -62.000000 90.000000 -62.000000 90.000000 -62.000000 0.0 0 
4.537856
 1 67 67 p_castle_31 Vyincourd_Castle 4215828 0 0 3 0 0 0 0 0 46.300000 20.000000 46.300000 20.000000 46.300000 20.000000 0.0 0 
4.537856
 1 68 68 p_castle_32 Knudarr_Castle 4215828 0 0 3 0 0 0 0 0 5.500000 58.000000 5.500000 58.000000 5.500000 58.000000 0.0 0 
4.537856
 1 69 69 p_castle_33 Etrosq_Castle 4215828 0 0 3 0 0 0 0 0 -51.800000 17.500000 -51.800000 17.500000 -51.800000 17.500000 0.0 0 
1.396263
 1 70 70 p_castle_34 Hrus_Castle 4215828 0 0 3 0 0 0 0 0 -31.000000 69.000000 -31.000000 69.000000 -31.000000 69.000000 0.0 0 
4.537856
 1 71 71 p_castle_35 Haringoth_Castle 4215828 0 0 3 0 0 0 0 0 7.000000 4.000000 7.000000 4.000000 7.000000 4.000000 0.0 0 
4.537856
 1 72 72 p_castle_36 Jelbegi_Castle 4215828 0 0 3 0 0 0 0 0 -47.000000 59.000000 -47.000000 59.000000 -47.000000 59.000000 0.0 0 
4.537856
 1 73 73 p_castle_37 Dramug_Castle 4215830 0 0 3 0 0 0 0 0 57.000000 50.000000 57.000000 50.000000 57.000000 50.000000 0.0 0 
4.537856
 1 74 74 p_castle_38 Tulbuk_Castle 4215831 0 0 3 0 0 0 0 0 18.000000 -94.000000 18.000000 -94.000000 18.000000 -94.000000 0.0 0 
4.537856
 1 75 75 p_castle_39 Slezkh_Castle 4215836 0 0 3 0 0 0 0 0 89.400000 66.400000 89.400000 66.400000 89.400000 66.400000 0.0 0 
4.886922
 1 76 76 p_castle_40 Uhhun_Castle 4215831 0 0 3 0 0 0 0 0 50.800000 -75.000000 50.800000 -75.000000 50.800000 -75.000000 0.0 0 
4.537856
 1 77 77 p_village_1 Yaragar 2114574 0 0 3 0 0 0 0 0 -15.000000 0.000000 -15.000000 0.000000 -15.000000 0.000000 0.0 0 
1.745329
 1 78 78 p_village_2 Burglen 2114574 0 0 3 0 0 0 0 0 12.000000 -20.000000 12.000000 -20.000000 12.000000 -20.000000 0.0 0 
1.919862
 1 79 79 p_village_3 Azgad 2114574 0 0 3 0 0 0 0 0 24.000000 -3.000000 24.000000 -3.000000 24.000000 -3.000000 0.0 0 
2.094395
 1 80 80 p_village_4 Nomar 2114574 0 0 3 0 0 0 0 0 -7.400000 31.200000 -7.400000 31.200000 -7.400000 31.200000 0.0 0 
2.268928
 1 81 81 p_village_5 Kulum 2114574 0 0 3 0 0 0 0 0 16.000000 73.500000 16.000000 73.500000 16.000000 73.500000 0.0 0 
2.967060
 1 82 82 p_village_6 Emirin 2114574 0 0 3 0 0 0 0 0 -13.000000 -25.000000 -13.000000 -25.000000 -13.000000 -25.000000 0.0 0 
1.745329
 1 83 83 p_village_7 Amere 2114574 0 0 3 0 0 0 0 0 20.800000 -30.700000 20.800000 -30.700000 20.800000 -30.700000 0.0 0 
1.919862
 1 84 84 p_village_8 Haen 2114574 0 0 3 0 0 0 0 0 -49.700000 74.000000 -49.700000 74.000000 -49.700000 74.000000 0.0 0 
2.094395
 1 85 85 p_village_9 Buvran 2114574 0 0 3 0 0 0 0 0 -43.000000 -11.000000 -43.000000 -11.000000 -43.000000 -11.000000 0.0 0 
2.268928
 1 86 86 p_village_10 Mechin 2114574 0 0 3 0 0 0 0 0 21.000000 50.200000 21.000000 50.200000 21.000000 50.200000 0.0 0 
2.967060
 1 87 87 p_village_11 Dusturil 2114574 0 0 3 0 0 0 0 0 32.900000 -74.000000 32.900000 -74.000000 32.900000 -74.000000 0.0 0 
1.745329
 1 88 88 p_village_12 Emer 2114574 0 0 3 0 0 0 0 0 -45.800000 -58.500000 -45.800000 -58.500000 -45.800000 -58.500000 0.0 0 
1.919862
 1 89 89 p_village_13 Nemeja 2114574 0 0 3 0 0 0 0 0 25.100000 7.350000 25.100000 7.350000 25.100000 7.350000 0.0 0 
2.094395
 1 90 90 p_village_14 Sumbuja 2114574 0 0 3 0 0 0 0 0 40.000000 52.000000 40.000000 52.000000 40.000000 52.000000 0.0 0 
2.268928
 1 91 91 p_village_15 Ryibelet 2114574 0 0 3 0 0 0 0 0 -37.650000 31.900000 -37.650000 31.900000 -37.650000 31.900000 0.0 0 
2.967060
 1 92 92 p_village_16 Shapeshte 2114585 0 0 3 0 0 0 0 0 103.000000 80.000000 103.000000 80.000000 103.000000 80.000000 0.0 0 
2.967060
 1 93 93 p_village_17 Mazen 2114585 0 0 3 0 0 0 0 0 80.100000 59.000000 80.100000 59.000000 80.100000 59.000000 0.0 0 
0.610865
 1 94 94 p_village_18 Ulburban 2114585 0 0 3 0 0 0 0 0 73.700000 30.100000 73.700000 30.100000 73.700000 30.100000 0.0 0 
2.967060
 1 95 95 p_village_19 Hanun 2114585 0 0 3 0 0 0 0 0 93.800000 31.000000 93.800000 31.000000 93.800000 31.000000 0.0 0 
2.967060
 1 96 96 p_village_20 Uslum 2114585 0 0 3 0 0 0 0 0 78.000000 14.000000 78.000000 14.000000 78.000000 14.000000 0.0 0 
2.967060
 1 97 97 p_village_21 Bazeck 2114585 0 0 3 0 0 0 0 0 99.000000 4.000000 99.000000 4.000000 99.000000 4.000000 0.0 0 
1.745329
 1 98 98 p_village_22 Shulus 2114585 0 0 3 0 0 0 0 0 93.000000 -13.500000 93.000000 -13.500000 93.000000 -13.500000 0.0 0 
1.919862
 1 99 99 p_village_23 Ilvia 2114574 0 0 3 0 0 0 0 0 -50.000000 -42.000000 -50.000000 -42.000000 -50.000000 -42.000000 0.0 0 
2.094395
 1 100 100 p_village_24 Ruldi 2114574 0 0 3 0 0 0 0 0 -62.500000 -68.200000 -62.500000 -68.200000 -62.500000 -68.200000 0.0 0 
2.268928
 1 101 101 p_village_25 Dashbigha 2114574 0 0 3 0 0 0 0 0 -14.600000 -60.000000 -14.600000 -60.000000 -14.600000 -60.000000 0.0 0 
2.967060
 1 102 102 p_village_26 Pagundur 2114574 0 0 3 0 0 0 0 0 -68.000000 -28.000000 -68.000000 -28.000000 -68.000000 -28.000000 0.0 0 
2.967060
 1 103 103 p_village_27 Glunmar 2114574 0 0 3 0 0 0 0 0 -77.200000 16.000000 -77.200000 16.000000 -77.200000 16.000000 0.0 0 
2.967060
 1 104 104 p_village_28 Tash_Kulun 2114574 0 0 3 0 0 0 0 0 33.800000 -50.800000 33.800000 -50.800000 33.800000 -50.800000 0.0 0 
2.967060
 1 105 105 p_village_29 Buillin 2114574 0 0 3 0 0 0 0 0 -77.500000 70.500000 -77.500000 70.500000 -77.500000 70.500000 0.0 0 
2.967060
 1 106 106 p_village_30 Ruvar 2114574 0 0 3 0 0 0 0 0 51.000000 76.000000 51.000000 76.000000 51.000000 76.000000 0.0 0 
2.967060
 1 107 107 p_village_31 Ambean 2114574 0 0 3 0 0 0 0 0 -24.000000 53.000000 -24.000000 53.000000 -24.000000 53.000000 0.0 0 
1.745329
 1 108 108 p_village_32 Tosdhar 2114574 0 0 3 0 0 0 0 0 0.500000 -23.400000 0.500000 -23.400000 0.500000 -23.400000 0.0 0 
1.919862
 1 109 109 p_village_33 Ruluns 2114574 0 0 3 0 0 0 0 0 -10.000000 42.000000 -10.000000 42.000000 -10.000000 42.000000 0.0 0 
2.094395
 1 110 110 p_village_34 Ehlerdah 2114574 0 0 3 0 0 0 0 0 -28.000000 1.000000 -28.000000 1.000000 -28.000000 1.000000 0.0 0 
2.268928
 1 111 111 p_village_35 Fearichen 2114574 0 0 3 0 0 0 0 0 0.000000 90.000000 0.000000 90.000000 0.000000 90.000000 0.0 0 
2.967060
 1 112 112 p_village_36 Jayek 2114574 0 0 3 0 0 0 0 0 36.000000 85.000000 36.000000 85.000000 36.000000 85.000000 0.0 0 
2.967060
 1 113 113 p_village_37 Ada_Kulun 2114574 0 0 3 0 0 0 0 0 -6.500000 -88.000000 -6.500000 -88.000000 -6.500000 -88.000000 0.0 0 
2.967060
 1 114 114 p_village_38 Ibiran 2114574 0 0 3 0 0 0 0 0 13.000000 22.000000 13.000000 22.000000 13.000000 22.000000 0.0 0 
2.967060
 1 115 115 p_village_39 Reveran 2114574 0 0 3 0 0 0 0 0 -49.000000 10.000000 -49.000000 10.000000 -49.000000 10.000000 0.0 0 
2.967060
 1 116 116 p_village_40 Saren 2114574 0 0 3 0 0 0 0 0 -24.220000 -34.400000 -24.220000 -34.400000 -24.220000 -34.400000 0.0 0 
2.967060
 1 117 117 p_village_41 Dugan 2114574 0 0 3 0 0 0 0 0 95.700000 -81.500000 95.700000 -81.500000 95.700000 -81.500000 0.0 0 
1.745329
 1 118 118 p_village_42 Dirigh_Aban 2114574 0 0 3 0 0 0 0 0 59.350000 -64.000000 59.350000 -64.000000 59.350000 -64.000000 0.0 0 
1.919862
 1 119 119 p_village_43 Zagush 2114574 0 0 3 0 0 0 0 0 36.000000 -89.300000 36.000000 -89.300000 36.000000 -89.300000 0.0 0 
2.094395
 1 120 120 p_village_44 Peshmi 2114574 0 0 3 0 0 0 0 0 86.000000 -58.500000 86.000000 -58.500000 86.000000 -58.500000 0.0 0 
2.268928
 1 121 121 p_village_45 Bulugur 2114574 0 0 3 0 0 0 0 0 -24.800000 -71.000000 -24.800000 -71.000000 -24.800000 -71.000000 0.0 0 
2.967060
 1 122 122 p_village_46 Fedner 2114574 0 0 3 0 0 0 0 0 -73.180000 -59.700000 -73.180000 -59.700000 -73.180000 -59.700000 0.0 0 
2.967060
 1 123 123 p_village_47 Epeshe 2114574 0 0 3 0 0 0 0 0 -96.000000 45.000000 -96.000000 45.000000 -96.000000 45.000000 0.0 0 
2.967060
 1 124 124 p_village_48 Veidar 2114574 0 0 3 0 0 0 0 0 -88.100000 -15.000000 -88.100000 -15.000000 -88.100000 -15.000000 0.0 0 
2.967060
 1 125 125 p_village_49 Tismirr 2114585 0 0 3 0 0 0 0 0 68.700000 -23.600000 68.700000 -23.600000 68.700000 -23.600000 0.0 0 
0.174533
 1 126 126 p_village_50 Karindi 2114585 0 0 3 0 0 0 0 0 75.500000 45.000000 75.500000 45.000000 75.500000 45.000000 0.0 0 
2.967060
 1 127 127 p_village_51 Jelbegi 2114574 0 0 3 0 0 0 0 0 -50.000000 60.200000 -50.000000 60.200000 -50.000000 60.200000 0.0 0 
1.745329
 1 128 128 p_village_52 Amashke 2114574 0 0 3 0 0 0 0 0 59.100000 -47.800000 59.100000 -47.800000 59.100000 -47.800000 0.0 0 
1.919862
 1 129 129 p_village_53 Balanli 2114574 0 0 3 0 0 0 0 0 49.000000 7.000000 49.000000 7.000000 49.000000 7.000000 0.0 0 
2.094395
 1 130 130 p_village_54 Chide 2114574 0 0 3 0 0 0 0 0 46.500000 -7.300000 46.500000 -7.300000 46.500000 -7.300000 0.0 0 
2.268928
 1 131 131 p_village_55 Tadsamesh 2114574 0 0 3 0 0 0 0 0 32.600000 31.300000 32.600000 31.300000 32.600000 31.300000 0.0 0 
2.967060
 1 132 132 p_village_56 Fenada 2114574 0 0 3 0 0 0 0 0 -59.100000 93.300000 -59.100000 93.300000 -59.100000 93.300000 0.0 0 
2.967060
 1 133 133 p_village_57 Ushkuru 2114574 0 0 3 0 0 0 0 0 33.000000 11.500000 33.000000 11.500000 33.000000 11.500000 0.0 0 
2.967060
 1 134 134 p_village_58 Vezin 2114574 0 0 3 0 0 0 0 0 62.000000 41.000000 62.000000 41.000000 62.000000 41.000000 0.0 0 
2.967060
 1 135 135 p_village_59 Dumar 2114574 0 0 3 0 0 0 0 0 -53.000000 20.000000 -53.000000 20.000000 -53.000000 20.000000 0.0 0 
2.967060
 1 136 136 p_village_60 Tahlberl 2114574 0 0 3 0 0 0 0 0 8.800000 0.500000 8.800000 0.500000 8.800000 0.500000 0.0 0 
2.967060
 1 137 137 p_village_61 Aldelen 2114574 0 0 3 0 0 0 0 0 -89.300000 86.000000 -89.300000 86.000000 -89.300000 86.000000 0.0 0 
1.745329
 1 138 138 p_village_62 Rebache 2114574 0 0 3 0 0 0 0 0 38.400000 64.600000 38.400000 64.600000 38.400000 64.600000 0.0 0 
1.745329
 1 139 139 p_village_63 Rduna 2114574 0 0 3 0 0 0 0 0 42.500000 21.460000 42.500000 21.460000 42.500000 21.460000 0.0 0 
1.745329
 1 140 140 p_village_64 Serindiar 2114574 0 0 3 0 0 0 0 0 -41.500000 -35.800000 -41.500000 -35.800000 -41.500000 -35.800000 0.0 0 
1.745329
 1 141 141 p_village_65 Iyindah 2114574 0 0 3 0 0 0 0 0 8.600000 -39.500000 8.600000 -39.500000 8.600000 -39.500000 0.0 0 
1.745329
 1 142 142 p_village_66 Fisdnar 2114574 0 0 3 0 0 0 0 0 69.600000 78.300000 69.600000 78.300000 69.600000 78.300000 0.0 0 
1.745329
 1 143 143 p_village_67 Tebandra 2114574 0 0 3 0 0 0 0 0 99.900000 91.800000 99.900000 91.800000 99.900000 91.800000 0.0 0 
1.745329
 1 144 144 p_village_68 Ibdeles 2114574 0 0 3 0 0 0 0 0 -61.000000 2.450000 -61.000000 2.450000 -61.000000 2.450000 0.0 0 
1.745329
 1 145 145 p_village_69 Kwynn 2114574 0 0 3 0 0 0 0 0 -15.300000 75.400000 -15.300000 75.400000 -15.300000 75.400000 0.0 0 
1.745329
 1 146 146 p_village_70 Dirigsene 2114574 0 0 3 0 0 0 0 0 -73.000000 -17.700000 -73.000000 -17.700000 -73.000000 -17.700000 0.0 0 
1.745329
 1 147 147 p_village_71 Tshibtin 2114574 0 0 3 0 0 0 0 0 0.000000 -34.000000 0.000000 -34.000000 0.000000 -34.000000 0.0 0 
0.349066
 1 148 148 p_village_72 Elberl 2114574 0 0 3 0 0 0 0 0 -35.200000 21.000000 -35.200000 21.000000 -35.200000 21.000000 0.0 0 
1.047198
 1 149 149 p_village_73 Chaeza 2114574 0 0 3 0 0 0 0 0 -63.200000 -51.400000 -63.200000 -51.400000 -63.200000 -51.400000 0.0 0 
0.959931
 1 150 150 p_village_74 Ayyike 2114574 0 0 3 0 0 0 0 0 49.000000 31.000000 49.000000 31.000000 49.000000 31.000000 0.0 0 
0.261799
 1 151 151 p_village_75 Bhulaban 2114574 0 0 3 0 0 0 0 0 95.000000 50.000000 95.000000 50.000000 95.000000 50.000000 0.0 0 
0.174533
 1 152 152 p_village_76 Kedelke 2114574 0 0 3 0 0 0 0 0 0.600000 -65.500000 0.600000 -65.500000 0.600000 -65.500000 0.0 0 
0.610865
 1 153 153 p_village_77 Rizi 2114574 0 0 3 0 0 0 0 0 -33.600000 73.300000 -33.600000 73.300000 -33.600000 73.300000 0.0 0 
2.792527
 1 154 154 p_village_78 Sarimish 2114574 0 0 3 0 0 0 0 0 -30.500000 -14.300000 -30.500000 -14.300000 -30.500000 -14.300000 0.0 0 
3.141593
 1 155 155 p_village_79 Istiniar 2114574 0 0 3 0 0 0 0 0 -72.600000 34.100000 -72.600000 34.100000 -72.600000 34.100000 0.0 0 
0.000000
 1 156 156 p_village_80 Vayejeg 2114574 0 0 3 0 0 0 0 0 -1.500000 56.000000 -1.500000 56.000000 -1.500000 56.000000 0.0 0 
0.698132
 1 157 157 p_village_81 Odasan 2114574 0 0 3 0 0 0 0 0 -25.000000 81.600000 -25.000000 81.600000 -25.000000 81.600000 0.0 0 
0.349066
 1 158 158 p_village_82 Yalibe 2114574 0 0 3 0 0 0 0 0 -49.700000 43.100000 -49.700000 43.100000 -49.700000 43.100000 0.0 0 
1.047198
 1 159 159 p_village_83 Gisim 2114574 0 0 3 0 0 0 0 0 -78.100000 62.000000 -78.100000 62.000000 -78.100000 62.000000 0.0 0 
0.959931
 1 160 160 p_village_84 Chelez 2114574 0 0 3 0 0 0 0 0 -85.700000 34.500000 -85.700000 34.500000 -85.700000 34.500000 0.0 0 
0.261799
 1 161 161 p_village_85 Ismirala 2114574 0 0 3 0 0 0 0 0 69.200000 -0.400000 69.200000 -0.400000 69.200000 -0.400000 0.0 0 
0.174533
 1 162 162 p_village_86 Slezkh 2114574 0 0 3 0 0 0 0 0 89.800000 61.500000 89.800000 61.500000 89.800000 61.500000 0.0 0 
0.610865
 1 163 163 p_village_87 Udiniad 2114574 0 0 3 0 0 0 0 0 31.600000 73.000000 31.600000 73.000000 31.600000 73.000000 0.0 0 
2.792527
 1 164 164 p_village_88 Tulbuk 2114574 0 0 3 0 0 0 0 0 21.100000 -98.100000 21.100000 -98.100000 21.100000 -98.100000 0.0 0 
3.141593
 1 165 165 p_village_89 Uhhun 2114574 0 0 3 0 0 0 0 0 50.200000 -71.500000 50.200000 -71.500000 50.200000 -71.500000 0.0 0 
0.000000
 1 166 166 p_village_90 Jamiche 2114574 0 0 3 0 0 0 0 0 -48.700000 -71.500000 -48.700000 -71.500000 -48.700000 -71.500000 0.0 0 
0.698132
 1 167 167 p_salt_mine Salt_Mine 2114830 0 0 3 0 0 0 0 0 14.200000 -31.000000 14.200000 -31.000000 14.200000 -31.000000 0.0 0 
0.000000
 1 168 168 p_four_ways_inn Four_Ways_Inn 2114830 0 0 3 0 0 0 0 0 4.800000 -39.600000 4.800000 -39.600000 4.800000 -39.600000 0.0 0 
0.000000
 1 169 169 p_test_scene test_scene 2114830 0 0 3 0 0 0 0 0 10.800000 -19.600000 10.800000 -19.600000 10.800000 -19.600000 0.0 0 
0.000000
 1 170 170 p_battlefields battlefields 2114830 0 0 3 0 0 0 0 0 10.800000 -16.600000 10.800000 -16.600000 10.800000 -16.600000 0.0 0 
0.000000
 1 171 171 p_dhorak_keep Dhorak_Keep 2639116 0 0 3 0 0 0 0 0 -50.000000 -58.000000 -50.000000 -58.000000 -50.000000 -58.000000 0.0 0 
0.000000
 1 172 172 p_training_ground Training_Ground 2114848 0 0 3 0 0 0 0 0 3.000000 -7.000000 3.000000 -7.000000 3.000000 -7.000000 0.0 0 
0.000000
 1 173 173 p_training_ground_1 Training_Field 2118688 0 0 3 0 0 0 0 0 44.000000 61.000000 44.000000 61.000000 44.000000 61.000000 0.0 0 
1.745329
 1 174 174 p_training_ground_2 Training_Field 2118688 0 0 3 0 0 0 0 0 -38.000000 81.700000 -38.000000 81.700000 -38.000000 81.700000 0.0 0 
1.745329
 1 175 175 p_training_ground_3 Training_Field 2118688 0 0 3 0 0 0 0 0 89.200000 16.000000 89.200000 16.000000 89.200000 16.000000 0.0 0 
1.745329
 1 176 176 p_training_ground_4 Training_Field 2118688 0 0 3 0 0 0 0 0 9.500000 -80.500000 9.500000 -80.500000 9.500000 -80.500000 0.0 0 
1.745329
 1 177 177 p_training_ground_5 Training_Field 2118688 0 0 3 0 0 0 0 0 -34.750000 -30.300000 -34.750000 -30.300000 -34.750000 -30.300000 0.0 0 
1.745329
 1 178 178 p_bridge_1 1 541729 0 0 3 0 0 0 0 0 11.560000 59.890000 11.560000 59.890000 11.560000 59.890000 0.0 0 
1.570796
 1 179 179 p_bridge_2 2 541729 0 0 3 0 0 0 0 0 2.140000 34.130000 2.140000 34.130000 2.140000 34.130000 0.0 0 
1.117011
 1 180 180 p_bridge_3 3 541729 0 0 3 0 0 0 0 0 -66.920000 72.980000 -66.920000 72.980000 -66.920000 72.980000 0.0 0 
0.174533
 1 181 181 p_bridge_4 4 541729 0 0 3 0 0 0 0 0 -76.940000 67.250000 -76.940000 67.250000 -76.940000 67.250000 0.0 0 
1.570796
 1 182 182 p_bridge_5 5 541729 0 0 3 0 0 0 0 0 82.160000 79.180000 82.160000 79.180000 82.160000 79.180000 0.0 0 
2.356194
 1 183 183 p_bridge_6 6 541731 0 0 3 0 0 0 0 0 85.600000 64.320000 85.600000 64.320000 85.600000 64.320000 0.0 0 
2.094395
 1 184 184 p_bridge_7 7 541731 0 0 3 0 0 0 0 0 82.470000 43.280000 82.470000 43.280000 82.470000 43.280000 0.0 0 
1.308997
 1 185 185 p_bridge_8 8 541731 0 0 3 0 0 0 0 0 79.460000 21.190000 79.460000 21.190000 79.460000 21.190000 0.0 0 
0.959931
 1 186 186 p_bridge_9 9 541729 0 0 3 0 0 0 0 0 62.130000 48.210000 62.130000 48.210000 62.130000 48.210000 0.0 0 
1.047198
 1 187 187 p_bridge_10 10 541729 0 0 3 0 0 0 0 0 71.050000 54.550000 71.050000 54.550000 71.050000 54.550000 0.0 0 
0.610865
 1 188 188 p_bridge_11 11 541729 0 0 3 0 0 0 0 0 -54.850000 -41.400000 -54.850000 -41.400000 -54.850000 -41.400000 0.0 0 
1.570796
 1 189 189 p_bridge_12 12 541730 0 0 3 0 0 0 0 0 12.170000 79.570000 12.170000 79.570000 12.170000 79.570000 0.0 0 
2.356194
 1 190 190 p_bridge_13 13 541730 0 0 3 0 0 0 0 0 17.160000 81.160000 17.160000 81.160000 17.160000 81.160000 0.0 0 
1.570796
 1 191 191 p_bridge_14 14 541730 0 0 3 0 0 0 0 0 21.880000 78.800000 21.880000 78.800000 21.880000 78.800000 0.0 0 
1.308997
 1 192 192 p_bridge_15 15 541730 0 0 3 0 0 0 0 0 -68.010000 -29.600000 -68.010000 -29.600000 -68.010000 -29.600000 0.0 0 
0.261799
 1 193 193 p_looter_spawn_point looter_sp 1280 0 0 2 0 0 0 0 0 26.000000 77.000000 26.000000 77.000000 26.000000 77.000000 0.0 1 98 15 0 0 
0.000000
 1 194 194 p_steppe_bandit_spawn_point steppe_bandit_sp 1280 0 0 2 0 0 0 0 0 42.000000 -73.300000 42.000000 -73.300000 42.000000 -73.300000 0.0 1 98 15 0 0 
0.000000
 1 195 195 p_forest_bandit_spawn_point forest_bandit_sp 1280 0 0 2 0 0 0 0 0 -30.000000 5.500000 -30.000000 5.500000 -30.000000 5.500000 0.0 1 98 15 0 0 
0.000000
 1 196 196 p_mountain_bandit_spawn_point mountain_bandit_sp 1280 0 0 2 0 0 0 0 0 46.400000 22.400000 46.400000 22.400000 46.400000 22.400000 0.0 1 98 15 0 0 
0.000000
 1 197 197 p_sea_raider_spawn_point_1 sea_raider_sp 1280 0 0 2 0 0 0 0 0 -43.000000 96.000000 -43.000000 96.000000 -43.000000 96.000000 0.0 1 98 15 0 0 
0.000000
 1 198 198 p_sea_raider_spawn_point_2 sea_raider_sp 1280 0 0 2 0 0 0 0 0 47.000000 86.000000 47.000000 86.000000 47.000000 86.000000 0.0 1 98 15 0 0 
0.000000
 1 199 199 p_spawn_points_end last_spawn_point 1280 0 0 1 0 0 0 0 0 0.000000 0.000000 0.000000 0.000000 0.000000 0.000000 0.0 1 98 15 0 0 
0.000000
