partiesfile version 1
249 249
 1 0 0 p_main_party Main_Party 1048576 0 0 13 0 0 0 0 0 28.320000 -29.920000 28.320000 -29.920000 28.320000 -29.920000 0.0 1 0 1 0 0 
0.000000
 1 1 1 p_temp_party {!}temp_party 256 0 0 1 0 0 0 0 0 0.000000 0.000000 0.000000 0.000000 0.000000 0.000000 0.0 0 
0.000000
 1 2 2 p_camp_bandits {!}camp_bandits 256 0 0 2 0 0 0 0 0 -1.000000 1.000000 -1.000000 1.000000 -1.000000 1.000000 0.0 1 3 3 0 0 
0.000000
 1 3 3 p_temp_party_2 {!}temp_party_2 256 0 0 1 0 0 0 0 0 0.000000 0.000000 0.000000 0.000000 0.000000 0.000000 0.0 0 
0.000000
 1 4 4 p_temp_casualties {!}casualties 256 0 0 3 0 0 0 0 0 -1.000000 -1.000000 -1.000000 -1.000000 -1.000000 -1.000000 0.0 0 
0.000000
 1 5 5 p_temp_casualties_2 {!}casualties 256 0 0 3 0 0 0 0 0 -1.000000 -1.000000 -1.000000 -1.000000 -1.000000 -1.000000 0.0 0 
0.000000
 1 6 6 p_temp_casualties_3 {!}casualties 256 0 0 3 0 0 0 0 0 -1.000000 -1.000000 -1.000000 -1.000000 -1.000000 -1.000000 0.0 0 
0.000000
 1 7 7 p_temp_wounded {!}enemies_wounded 256 0 0 3 0 0 0 0 0 -1.000000 -1.000000 -1.000000 -1.000000 -1.000000 -1.000000 0.0 0 
0.000000
 1 8 8 p_temp_killed {!}enemies_killed 256 0 0 3 0 0 0 0 0 -1.000000 -1.000000 -1.000000 -1.000000 -1.000000 -1.000000 0.0 0 
0.000000
 1 9 9 p_main_party_backup {!}_ 256 0 0 3 0 0 0 0 0 -1.000000 -1.000000 -1.000000 -1.000000 -1.000000 -1.000000 0.0 0 
0.000000
 1 10 10 p_encountered_party_backup {!}_ 256 0 0 3 0 0 0 0 0 -1.000000 -1.000000 -1.000000 -1.000000 -1.000000 -1.000000 0.0 0 
0.000000
 1 11 11 p_collective_friends_backup {!}_ 256 0 0 3 0 0 0 0 0 -1.000000 -1.000000 -1.000000 -1.000000 -1.000000 -1.000000 0.0 0 
0.000000
 1 12 12 p_player_casualties {!}_ 256 0 0 3 0 0 0 0 0 -1.000000 -1.000000 -1.000000 -1.000000 -1.000000 -1.000000 0.0 0 
0.000000
 1 13 13 p_enemy_casualties {!}_ 256 0 0 3 0 0 0 0 0 -1.000000 -1.000000 -1.000000 -1.000000 -1.000000 -1.000000 0.0 0 
0.000000
 1 14 14 p_ally_casualties {!}_ 256 0 0 3 0 0 0 0 0 -1.000000 -1.000000 -1.000000 -1.000000 -1.000000 -1.000000 0.0 0 
0.000000
 1 15 15 p_collective_enemy {!}collective_enemy 256 0 0 3 0 0 0 0 0 -1.000000 -1.000000 -1.000000 -1.000000 -1.000000 -1.000000 0.0 0 
0.000000
 1 16 16 p_collective_ally {!}collective_ally 256 0 0 3 0 0 0 0 0 -1.000000 -1.000000 -1.000000 -1.000000 -1.000000 -1.000000 0.0 0 
0.000000
 1 17 17 p_collective_friends {!}collective_ally 256 0 0 3 0 0 0 0 0 -1.000000 -1.000000 -1.000000 -1.000000 -1.000000 -1.000000 0.0 0 
0.000000
 1 18 18 p_total_enemy_casualties {!}_ 256 0 0 3 0 0 0 0 0 -1.000000 -1.000000 -1.000000 -1.000000 -1.000000 -1.000000 0.0 0 
0.000000
 1 19 19 p_routed_enemies {!}routed_enemies 256 0 0 3 0 0 0 0 0 -1.000000 -1.000000 -1.000000 -1.000000 -1.000000 -1.000000 0.0 0 
0.000000
 1 20 20 p_garrison_plus_lords {!}surprise_attack_defense 256 0 0 3 0 0 0 0 0 -1.000000 -1.000000 -1.000000 -1.000000 -1.000000 -1.000000 0.0 0 
0.000000
 1 21 21 p_zendar Zendar 2114828 0 0 3 0 0 0 0 0 -19.240000 -130.200000 -19.240000 -130.200000 -19.240000 -130.200000 0.0 0 
0.000000
 1 22 22 p_town_1 Javiksholm 4219916 0 0 3 0 0 0 0 0 -67.180000 19.400000 -67.180000 19.400000 -67.180000 19.400000 0.0 0 
2.967060
 1 23 23 p_town_2 Valonbray 4219916 0 0 3 0 0 0 0 0 -88.050000 -8.770000 -88.050000 -8.770000 -88.050000 -8.770000 0.0 0 
2.094395
 1 24 24 p_town_3 Ethos 4219916 0 0 3 0 0 0 0 0 38.290000 -47.790000 38.290000 -47.790000 38.290000 -47.790000 0.0 0 
1.396263
 1 25 25 p_town_4 Laria 4219916 0 0 3 0 0 0 0 0 51.330000 -3.300000 51.330000 -3.300000 51.330000 -3.300000 0.0 0 
5.061455
 1 26 26 p_town_5 Janos 4219916 0 0 3 0 0 0 0 0 14.630000 -82.220000 14.630000 -82.220000 14.630000 -82.220000 0.0 0 
1.570796
 1 27 27 p_town_6 Sarleon 4219916 0 0 3 0 0 0 0 0 -8.430000 -27.180000 -8.430000 -27.180000 -8.430000 -27.180000 0.0 0 
2.705260
 1 28 28 p_town_7 Marleons 4219916 0 0 3 0 0 0 0 0 15.470000 24.970000 15.470000 24.970000 15.470000 24.970000 0.0 0 
4.188790
 1 29 29 p_town_8 Ravenstern 4219916 0 0 3 0 0 0 0 0 -46.920000 71.670000 -46.920000 71.670000 -46.920000 71.670000 0.0 0 
3.054326
 1 30 30 p_town_9 Poinsbruk 4219934 0 0 3 0 0 0 0 0 61.980000 70.100000 61.980000 70.100000 61.980000 70.100000 0.0 0 
1.570796
 1 31 31 p_town_10 Torbah 4219917 0 0 3 0 0 0 0 0 -43.070000 -101.240000 -43.070000 -101.240000 -43.070000 -101.240000 0.0 0 
5.410521
 1 32 32 p_town_11 Senderfall 4219934 0 0 3 0 0 0 0 0 -16.410000 74.840000 -16.410000 74.840000 -16.410000 74.840000 0.0 0 
2.617994
 1 33 33 p_town_12 Windholm 4219916 0 0 3 0 0 0 0 0 -86.940000 46.560000 -86.940000 46.560000 -86.940000 46.560000 0.0 0 
0.436332
 1 34 34 p_town_13 Rane 4219934 0 0 3 0 0 0 0 0 23.730000 69.690000 23.730000 69.690000 23.730000 69.690000 0.0 0 
1.047198
 1 35 35 p_town_14 Singal 4219917 0 0 3 0 0 0 0 0 -24.370000 -47.390000 -24.370000 -47.390000 -24.370000 -47.390000 0.0 0 
2.356194
 1 36 36 p_town_15 Cez 4219916 0 0 3 0 0 0 0 0 77.380000 -97.900000 77.380000 -97.900000 77.380000 -97.900000 0.0 0 
2.356194
 1 37 37 p_town_16 Avendor 4219916 0 0 3 0 0 0 0 0 -15.880000 20.810000 -15.880000 20.810000 -15.880000 20.810000 0.0 0 
2.356194
 1 38 38 p_town_17 Nal_Tar 4219917 0 0 3 0 0 0 0 0 -103.100000 -63.580000 -103.100000 -63.580000 -103.100000 -63.580000 0.0 0 
2.356194
 1 39 39 p_town_18 Ishkoman 4219917 0 0 3 0 0 0 0 0 -5.630000 -87.870000 -5.630000 -87.870000 -5.630000 -87.870000 0.0 0 
2.356194
 1 40 40 p_castle_1 Calendain_Castle 4215834 0 0 3 0 0 0 0 0 36.220000 -30.100000 36.220000 -30.100000 36.220000 -30.100000 0.0 0 
0.872665
 1 41 41 p_castle_2 Sange_Safid 4215835 0 0 3 0 0 0 0 0 -53.370000 -53.450000 -53.370000 -53.450000 -53.370000 -53.450000 0.0 0 
1.308997
 1 42 42 p_castle_3 Taloncrag_Castle 4215834 0 0 3 0 0 0 0 0 39.700000 72.620000 39.700000 72.620000 39.700000 72.620000 0.0 0 
1.745329
 1 43 43 p_castle_4 Evasolde_Castle 4215836 0 0 3 0 0 0 0 0 61.220000 55.530000 61.220000 55.530000 61.220000 55.530000 0.0 0 
3.141593
 1 44 44 p_castle_5 Highcliffe_Castle 4215836 0 0 3 0 0 0 0 0 -51.910000 -23.010000 -51.910000 -23.010000 -51.910000 -23.010000 0.0 0 
1.570796
 1 45 45 p_castle_6 Dagon_Castle 4215834 0 0 3 0 0 0 0 0 -76.530000 62.490000 -76.530000 62.490000 -76.530000 62.490000 0.0 0 
0.959931
 1 46 46 p_castle_7 High_Pass_Fortress 4215839 0 0 3 0 0 0 0 0 -82.060000 -81.370000 -82.060000 -81.370000 -82.060000 -81.370000 0.0 0 
0.785398
 1 47 47 p_castle_8 Castle_Fenbray 4215834 0 0 3 0 0 0 0 0 -5.920000 67.840000 -5.920000 67.840000 -5.920000 67.840000 0.0 0 
0.523599
 1 48 48 p_castle_9 Walven_Castle 4215834 0 0 3 0 0 0 0 0 63.150000 -45.660000 63.150000 -45.660000 63.150000 -45.660000 0.0 0 
1.745329
 1 49 49 p_castle_10 Ironoak_Castle 4215834 0 0 3 0 0 0 0 0 -59.130000 37.100000 -59.130000 37.100000 -59.130000 37.100000 0.0 0 
1.919862
 1 50 50 p_castle_11 Longbeard_Lodge 4215834 0 0 3 0 0 0 0 0 -81.830000 -23.550000 -81.830000 -23.550000 -81.830000 -23.550000 0.0 0 
1.308997
 1 51 51 p_castle_12 Ansen_Lodge 4215835 0 0 3 0 0 0 0 0 -61.090000 5.540000 -61.090000 5.540000 -61.090000 5.540000 0.0 0 
1.658063
 1 52 52 p_castle_13 Kelredan_Castle 4215834 0 0 3 0 0 0 0 0 -24.590000 -23.110000 -24.590000 -23.110000 -24.590000 -23.110000 0.0 0 
2.007129
 1 53 53 p_castle_14 Maras_Castle 4215836 0 0 3 0 0 0 0 0 58.310000 -81.050000 58.310000 -81.050000 58.310000 -81.050000 0.0 0 
1.570796
 1 54 54 p_castle_15 Savador_Castle 4215834 0 0 3 0 0 0 0 0 11.350000 -50.030000 11.350000 -50.030000 11.350000 -50.030000 0.0 0 
4.101524
 1 55 55 p_castle_16 Almerra_Castle 4215836 0 0 3 0 0 0 0 0 79.850000 -57.050000 79.850000 -57.050000 79.850000 -57.050000 0.0 0 
0.785398
 1 56 56 p_castle_17 Saidu_Sharif 4215834 0 0 3 0 0 0 0 0 -52.070000 -76.940000 -52.070000 -76.940000 -52.070000 -76.940000 0.0 0 
0.261799
 1 57 57 p_castle_18 Castle_Alden 4215839 0 0 3 0 0 0 0 0 75.970000 72.600000 75.970000 72.600000 75.970000 72.600000 0.0 0 
5.235988
 1 58 58 p_castle_19 Silveredge_Keep 4215839 0 0 3 0 0 0 0 0 16.270000 81.500000 16.270000 81.500000 16.270000 81.500000 0.0 0 
4.886922
 1 59 59 p_castle_20 Mistmire_Castle 4215834 0 0 3 0 0 0 0 0 -17.710000 34.920000 -17.710000 34.920000 -17.710000 34.920000 0.0 0 
4.537856
 1 60 60 p_castle_21 Rela_Keep 4215834 0 0 3 0 0 0 0 0 6.250000 -60.540000 6.250000 -60.540000 6.250000 -60.540000 0.0 0 
4.537856
 1 61 61 p_castle_22 Shadi_Shahid 4215834 0 0 3 0 0 0 0 0 -38.730000 -37.610000 -38.730000 -37.610000 -38.730000 -37.610000 0.0 0 
4.537856
 1 62 62 p_castle_23 Whitestag_Castle 4215834 0 0 3 0 0 0 0 0 65.620000 -3.220000 65.620000 -3.220000 65.620000 -3.220000 0.0 0 
1.396263
 1 63 63 p_castle_24 Kennet_Castle 4215834 0 0 3 0 0 0 0 0 -30.790000 -3.030000 -30.790000 -3.030000 -30.790000 -3.030000 0.0 0 
4.537856
 1 64 64 p_castle_25 Mobray_Castle 4215834 0 0 3 0 0 0 0 0 -13.730000 -15.770000 -13.730000 -15.770000 -13.730000 -15.770000 0.0 0 
4.537856
 1 65 65 p_castle_26 Seven_Cross_Keep 4215834 0 0 3 0 0 0 0 0 16.750000 -18.720000 16.750000 -18.720000 16.750000 -18.720000 0.0 0 
4.537856
 1 66 66 p_castle_27 Talon_Castle 4215834 0 0 3 0 0 0 0 0 22.520000 29.620000 22.520000 29.620000 22.520000 29.620000 0.0 0 
4.537856
 1 67 67 p_castle_28 Oregar_Castle 4215834 0 0 3 0 0 0 0 0 35.580000 -98.700000 35.580000 -98.700000 35.580000 -98.700000 0.0 0 
4.537856
 1 68 68 p_castle_29 Stoutheart_Castle 4215839 0 0 3 0 0 0 0 0 -43.830000 83.900000 -43.830000 83.900000 -43.830000 83.900000 0.0 0 
4.886922
 1 69 69 p_castle_30 Muqaddas_Pani 4215837 0 0 3 0 0 0 0 0 -20.910000 -61.070000 -20.910000 -61.070000 -20.910000 -61.070000 0.0 0 
4.537856
 1 70 70 p_castle_31 Valorshield_Castle 4215834 0 0 3 0 0 0 0 0 63.420000 15.210000 63.420000 15.210000 63.420000 15.210000 0.0 0 
4.537856
 1 71 71 p_castle_32 Knudarr_Castle 4215834 0 0 3 0 0 0 0 0 -38.930000 -20.270000 -38.930000 -20.270000 -38.930000 -20.270000 0.0 0 
4.537856
 1 72 72 p_castle_33 Shieldstorm_Keep 4215834 0 0 3 0 0 0 0 0 61.560000 -26.610000 61.560000 -26.610000 61.560000 -26.610000 0.0 0 
1.396263
 1 73 73 p_castle_34 Gunders_Lodge 4215834 0 0 3 0 0 0 0 0 -67.950000 -32.100000 -67.950000 -32.100000 -67.950000 -32.100000 0.0 0 
4.537856
 1 74 74 p_castle_35 Haringoth_Castle 4215834 0 0 3 0 0 0 0 0 -1.380000 -3.190000 -1.380000 -3.190000 -1.380000 -3.190000 0.0 0 
4.537856
 1 75 75 p_castle_36 Hrolfson_Castle 4215834 0 0 3 0 0 0 0 0 -80.440000 -41.670000 -80.440000 -41.670000 -80.440000 -41.670000 0.0 0 
4.537856
 1 76 76 p_castle_37 Falcondark_Castle 4215836 0 0 3 0 0 0 0 0 -43.190000 40.590000 -43.190000 40.590000 -43.190000 40.590000 0.0 0 
4.537856
 1 77 77 p_castle_38 Tuldar_Fortress 4215837 0 0 3 0 0 0 0 0 -7.980000 -53.020000 -7.980000 -53.020000 -7.980000 -53.020000 0.0 0 
4.537856
 1 78 78 p_castle_39 Mysthorn_Keep 4215839 0 0 3 0 0 0 0 0 -68.790000 91.040000 -68.790000 91.040000 -68.790000 91.040000 0.0 0 
4.886922
 1 79 79 p_castle_40 Sher_Quila 4215837 0 0 3 0 0 0 0 0 -86.310000 -56.370000 -86.310000 -56.370000 -86.310000 -56.370000 0.0 0 
4.537856
 1 80 80 p_village_1 Yaragar 2114574 0 0 3 0 0 0 0 0 -0.290000 -26.030000 -0.290000 -26.030000 -0.290000 -26.030000 0.0 0 
1.745329
 1 81 81 p_village_2 Burglen 2114574 0 0 3 0 0 0 0 0 26.750000 33.040000 26.750000 33.040000 26.750000 33.040000 0.0 0 
1.919862
 1 82 82 p_village_3 Azgad 2114574 0 0 3 0 0 0 0 0 -23.170000 -9.080000 -23.170000 -9.080000 -23.170000 -9.080000 0.0 0 
2.094395
 1 83 83 p_village_4 Nomar 2114574 0 0 3 0 0 0 0 0 -48.080000 -7.180000 -48.080000 -7.180000 -48.080000 -7.180000 0.0 0 
2.268928
 1 84 84 p_village_5 Kulum 2114574 0 0 3 0 0 0 0 0 -57.920000 14.210000 -57.920000 14.210000 -57.920000 14.210000 0.0 0 
2.967060
 1 85 85 p_village_6 Emirin 2114574 0 0 3 0 0 0 0 0 6.040000 -49.070000 6.040000 -49.070000 6.040000 -49.070000 0.0 0 
1.745329
 1 86 86 p_village_7 Amere 2114574 0 0 3 0 0 0 0 0 30.700000 20.800000 30.700000 20.800000 30.700000 20.800000 0.0 0 
1.919862
 1 87 87 p_village_8 Rafsanjan 2114575 0 0 3 0 0 0 0 0 -73.560000 -86.680000 -73.560000 -86.680000 -73.560000 -86.680000 0.0 0 
2.094395
 1 88 88 p_village_9 Buvran 2114574 0 0 3 0 0 0 0 0 90.760000 -60.460000 90.760000 -60.460000 90.760000 -60.460000 0.0 0 
2.268928
 1 89 89 p_village_10 Fenbray 2114574 0 0 3 0 0 0 0 0 -4.930000 63.930000 -4.930000 63.930000 -4.930000 63.930000 0.0 0 
2.967060
 1 90 90 p_village_11 Drosh 2114575 0 0 3 0 0 0 0 0 -49.410000 -69.550000 -49.410000 -69.550000 -49.410000 -69.550000 0.0 0 
1.745329
 1 91 91 p_village_12 Emer 2114574 0 0 3 0 0 0 0 0 56.260000 -40.120000 56.260000 -40.120000 56.260000 -40.120000 0.0 0 
1.919862
 1 92 92 p_village_13 Foxstead 2114574 0 0 3 0 0 0 0 0 -6.880000 13.920000 -6.880000 13.920000 -6.880000 13.920000 0.0 0 
2.094395
 1 93 93 p_village_14 Sheastrom 2114574 0 0 3 0 0 0 0 0 -52.670000 66.280000 -52.670000 66.280000 -52.670000 66.280000 0.0 0 
2.268928
 1 94 94 p_village_15 Mobray 2114574 0 0 3 0 0 0 0 0 -16.400000 -11.280000 -16.400000 -11.280000 -16.400000 -11.280000 0.0 0 
2.967060
 1 95 95 p_village_16 Shapeshte 2114580 0 0 3 0 0 0 0 0 -80.980000 96.080000 -80.980000 96.080000 -80.980000 96.080000 0.0 0 
2.967060
 1 96 96 p_village_17 Mazen 2114580 0 0 3 0 0 0 0 0 -57.730000 88.550000 -57.730000 88.550000 -57.730000 88.550000 0.0 0 
0.610865
 1 97 97 p_village_18 Gosbur 2114580 0 0 3 0 0 0 0 0 7.630000 67.990000 7.630000 67.990000 7.630000 67.990000 0.0 0 
2.967060
 1 98 98 p_village_19 Hanun 2114580 0 0 3 0 0 0 0 0 7.170000 91.800000 7.170000 91.800000 7.170000 91.800000 0.0 0 
2.967060
 1 99 99 p_village_20 Uslum 2114580 0 0 3 0 0 0 0 0 4.240000 76.430000 4.240000 76.430000 4.240000 76.430000 0.0 0 
2.967060
 1 100 100 p_village_21 Bazeck 2114580 0 0 3 0 0 0 0 0 -22.400000 84.860000 -22.400000 84.860000 -22.400000 84.860000 0.0 0 
1.745329
 1 101 101 p_village_22 Elktrin 2114580 0 0 3 0 0 0 0 0 36.090000 80.720000 36.090000 80.720000 36.090000 80.720000 0.0 0 
1.919862
 1 102 102 p_village_23 Mardan 2114575 0 0 3 0 0 0 0 0 -7.550000 -75.110000 -7.550000 -75.110000 -7.550000 -75.110000 0.0 0 
2.094395
 1 103 103 p_village_24 Ruldi 2114574 0 0 3 0 0 0 0 0 95.710000 -80.540000 95.710000 -80.540000 95.710000 -80.540000 0.0 0 
2.268928
 1 104 104 p_village_25 Stagheart 2114574 0 0 3 0 0 0 0 0 -37.470000 -0.660000 -37.470000 -0.660000 -37.470000 -0.660000 0.0 0 
2.967060
 1 105 105 p_village_26 Pagundur 2114574 0 0 3 0 0 0 0 0 51.540000 -81.070000 51.540000 -81.070000 51.540000 -81.070000 0.0 0 
2.967060
 1 106 106 p_village_27 Glunmar 2114574 0 0 3 0 0 0 0 0 21.140000 -75.700000 21.140000 -75.700000 21.140000 -75.700000 0.0 0 
2.967060
 1 107 107 p_village_28 Phundar 2114575 0 0 3 0 0 0 0 0 -93.650000 -49.680000 -93.650000 -49.680000 -93.650000 -49.680000 0.0 0 
2.967060
 1 108 108 p_village_29 Buillin 2114574 0 0 3 0 0 0 0 0 74.080000 -109.670000 74.080000 -109.670000 74.080000 -109.670000 0.0 0 
2.967060
 1 109 109 p_village_30 Ruvar 2114574 0 0 3 0 0 0 0 0 -66.830000 42.620000 -66.830000 42.620000 -66.830000 42.620000 0.0 0 
2.967060
 1 110 110 p_village_31 Ambershorn 2114574 0 0 3 0 0 0 0 0 -54.180000 -27.520000 -54.180000 -27.520000 -54.180000 -27.520000 0.0 0 
1.745329
 1 111 111 p_village_32 Erminade 2114574 0 0 3 0 0 0 0 0 49.630000 4.660000 49.630000 4.660000 49.630000 4.660000 0.0 0 
1.919862
 1 112 112 p_village_33 Adnan_Khel 2114575 0 0 3 0 0 0 0 0 -16.570000 -84.460000 -16.570000 -84.460000 -16.570000 -84.460000 0.0 0 
2.094395
 1 113 113 p_village_34 Ehlerdah 2114574 0 0 3 0 0 0 0 0 60.560000 -1.390000 60.560000 -1.390000 60.560000 -1.390000 0.0 0 
2.268928
 1 114 114 p_village_35 Elkburg 2114574 0 0 3 0 0 0 0 0 -77.050000 0.340000 -77.050000 0.340000 -77.050000 0.340000 0.0 0 
2.967060
 1 115 115 p_village_36 Jayek 2114574 0 0 3 0 0 0 0 0 -83.000000 29.540000 -83.000000 29.540000 -83.000000 29.540000 0.0 0 
2.967060
 1 116 116 p_village_37 Ahda_Kalam 2114575 0 0 3 0 0 0 0 0 -33.160000 -99.650000 -33.160000 -99.650000 -33.160000 -99.650000 0.0 0 
2.967060
 1 117 117 p_village_38 Ibiran 2114574 0 0 3 0 0 0 0 0 -25.430000 21.880000 -25.430000 21.880000 -25.430000 21.880000 0.0 0 
2.967060
 1 118 118 p_village_39 Reveran 2114574 0 0 3 0 0 0 0 0 27.060000 -66.010000 27.060000 -66.010000 27.060000 -66.010000 0.0 0 
2.967060
 1 119 119 p_village_40 Saren 2114574 0 0 3 0 0 0 0 0 27.730000 -50.480000 27.730000 -50.480000 27.730000 -50.480000 0.0 0 
2.967060
 1 120 120 p_village_41 Dugan 2114574 0 0 3 0 0 0 0 0 69.910000 69.190000 69.910000 69.190000 69.910000 69.190000 0.0 0 
1.745329
 1 121 121 p_village_42 Shandur 2114575 0 0 3 0 0 0 0 0 -22.380000 -97.220000 -22.380000 -97.220000 -22.380000 -97.220000 0.0 0 
1.919862
 1 122 122 p_village_43 Gazin 2114575 0 0 3 0 0 0 0 0 -30.320000 -63.030000 -30.320000 -63.030000 -30.320000 -63.030000 0.0 0 
2.094395
 1 123 123 p_village_44 Kogosi 2114575 0 0 3 0 0 0 0 0 -94.780000 -67.760000 -94.780000 -67.760000 -94.780000 -67.760000 0.0 0 
2.268928
 1 124 124 p_village_45 Bulugur 2114574 0 0 3 0 0 0 0 0 45.480000 -33.160000 45.480000 -33.160000 45.480000 -33.160000 0.0 0 
2.967060
 1 125 125 p_village_46 Fedner 2114574 0 0 3 0 0 0 0 0 41.970000 -65.220000 41.970000 -65.220000 41.970000 -65.220000 0.0 0 
2.967060
 1 126 126 p_village_47 Bretven 2114574 0 0 3 0 0 0 0 0 19.900000 -44.870000 19.900000 -44.870000 19.900000 -44.870000 0.0 0 
2.967060
 1 127 127 p_village_48 Veidar 2114574 0 0 3 0 0 0 0 0 15.830000 -60.490000 15.830000 -60.490000 15.830000 -60.490000 0.0 0 
2.967060
 1 128 128 p_village_49 Tismirr 2114575 0 0 3 0 0 0 0 0 -93.010000 -77.270000 -93.010000 -77.270000 -93.010000 -77.270000 0.0 0 
0.174533
 1 129 129 p_village_50 Saffrongate 2114580 0 0 3 0 0 0 0 0 -35.410000 90.010000 -35.410000 90.010000 -35.410000 90.010000 0.0 0 
2.967060
 1 130 130 p_village_51 Yule 2114574 0 0 3 0 0 0 0 0 -76.560000 -46.520000 -76.560000 -46.520000 -76.560000 -46.520000 0.0 0 
1.745329
 1 131 131 p_village_52 Miandan 2114575 0 0 3 0 0 0 0 0 -44.360000 -54.350000 -44.360000 -54.350000 -44.360000 -54.350000 0.0 0 
1.919862
 1 132 132 p_village_53 Balanli 2114574 0 0 3 0 0 0 0 0 65.110000 62.620000 65.110000 62.620000 65.110000 62.620000 0.0 0 
2.094395
 1 133 133 p_village_54 Pern 2114574 0 0 3 0 0 0 0 0 14.270000 17.930000 14.270000 17.930000 14.270000 17.930000 0.0 0 
2.268928
 1 134 134 p_village_55 Orin 2114574 0 0 3 0 0 0 0 0 -32.890000 61.840000 -32.890000 61.840000 -32.890000 61.840000 0.0 0 
2.967060
 1 135 135 p_village_56 Fenada 2114574 0 0 3 0 0 0 0 0 26.150000 -86.910000 26.150000 -86.910000 26.150000 -86.910000 0.0 0 
2.967060
 1 136 136 p_village_57 Branburg 2114574 0 0 3 0 0 0 0 0 -26.030000 6.750000 -26.030000 6.750000 -26.030000 6.750000 0.0 0 
2.967060
 1 137 137 p_village_58 Vezin 2114574 0 0 3 0 0 0 0 0 -46.500000 47.190000 -46.500000 47.190000 -46.500000 47.190000 0.0 0 
2.967060
 1 138 138 p_village_59 Yasin 2114575 0 0 3 0 0 0 0 0 -25.760000 -52.270000 -25.760000 -52.270000 -25.760000 -52.270000 0.0 0 
2.967060
 1 139 139 p_village_60 Tahlberl 2114574 0 0 3 0 0 0 0 0 7.080000 3.500000 7.080000 3.500000 7.080000 3.500000 0.0 0 
2.967060
 1 140 140 p_village_61 Aldelen 2114574 0 0 3 0 0 0 0 0 -92.000000 -22.270000 -92.000000 -22.270000 -92.000000 -22.270000 0.0 0 
1.745329
 1 141 141 p_village_62 Rebache 2114574 0 0 3 0 0 0 0 0 -16.840000 -29.390000 -16.840000 -29.390000 -16.840000 -29.390000 0.0 0 
1.745329
 1 142 142 p_village_63 Quay 2114574 0 0 3 0 0 0 0 0 -69.250000 -17.900000 -69.250000 -17.900000 -69.250000 -17.900000 0.0 0 
1.745329
 1 143 143 p_village_64 Serindiar 2114574 0 0 3 0 0 0 0 0 70.890000 -72.140000 70.890000 -72.140000 70.890000 -72.140000 0.0 0 
1.745329
 1 144 144 p_village_65 Belmonfaire 2114574 0 0 3 0 0 0 0 0 -28.020000 -18.130000 -28.020000 -18.130000 -28.020000 -18.130000 0.0 0 
1.745329
 1 145 145 p_village_66 Fisdnar 2114574 0 0 3 0 0 0 0 0 -30.220000 73.510000 -30.220000 73.510000 -30.220000 73.510000 0.0 0 
1.745329
 1 146 146 p_village_67 Tebandra 2114574 0 0 3 0 0 0 0 0 -74.400000 72.080000 -74.400000 72.080000 -74.400000 72.080000 0.0 0 
1.745329
 1 147 147 p_village_68 Seh_Pathar 2114575 0 0 3 0 0 0 0 0 -3.780000 -64.360000 -3.780000 -64.360000 -3.780000 -64.360000 0.0 0 
1.745329
 1 148 148 p_village_69 Kwynn 2114574 0 0 3 0 0 0 0 0 23.430000 -4.200000 23.430000 -4.200000 23.430000 -4.200000 0.0 0 
1.745329
 1 149 149 p_village_70 Dirigsene 2114574 0 0 3 0 0 0 0 0 35.000000 -72.140000 35.000000 -72.140000 35.000000 -72.140000 0.0 0 
1.745329
 1 150 150 p_village_71 Troughbren 2114574 0 0 3 0 0 0 0 0 41.220000 0.230000 41.220000 0.230000 41.220000 0.230000 0.0 0 
0.349066
 1 151 151 p_village_72 Derakhte_Ghermez 2114575 0 0 3 0 0 0 0 0 -32.320000 -43.600000 -32.320000 -43.600000 -32.320000 -43.600000 0.0 0 
1.047198
 1 152 152 p_village_73 Chaeza 2114574 0 0 3 0 0 0 0 0 57.610000 -64.930000 57.610000 -64.930000 57.610000 -64.930000 0.0 0 
0.959931
 1 153 153 p_village_74 Avayburg 2114574 0 0 3 0 0 0 0 0 -26.200000 31.490000 -26.200000 31.490000 -26.200000 31.490000 0.0 0 
0.261799
 1 154 154 p_village_75 Bhulaban 2114574 0 0 3 0 0 0 0 0 -52.950000 30.080000 -52.950000 30.080000 -52.950000 30.080000 0.0 0 
0.174533
 1 155 155 p_village_76 Fletcher 2114574 0 0 3 0 0 0 0 0 55.450000 13.350000 55.450000 13.350000 55.450000 13.350000 0.0 0 
0.610865
 1 156 156 p_village_77 Rizi 2114574 0 0 3 0 0 0 0 0 -75.150000 -35.250000 -75.150000 -35.250000 -75.150000 -35.250000 0.0 0 
2.792527
 1 157 157 p_village_78 Sarimish 2114574 0 0 3 0 0 0 0 0 24.730000 -32.430000 24.730000 -32.430000 24.730000 -32.430000 0.0 0 
3.141593
 1 158 158 p_village_79 Ushu 2114575 0 0 3 0 0 0 0 0 -56.100000 -92.280000 -56.100000 -92.280000 -56.100000 -92.280000 0.0 0 
0.000000
 1 159 159 p_village_80 Kaveraid 2114574 0 0 3 0 0 0 0 0 -59.300000 -1.630000 -59.300000 -1.630000 -59.300000 -1.630000 0.0 0 
0.698132
 1 160 160 p_village_81 Odasan 2114574 0 0 3 0 0 0 0 0 -101.860000 -13.370000 -101.860000 -13.370000 -101.860000 -13.370000 0.0 0 
0.349066
 1 161 161 p_village_82 Tragmar 2114574 0 0 3 0 0 0 0 0 -45.130000 -17.300000 -45.130000 -17.300000 -45.130000 -17.300000 0.0 0 
1.047198
 1 162 162 p_village_83 Gahar 2114575 0 0 3 0 0 0 0 0 -66.180000 -93.400000 -66.180000 -93.400000 -66.180000 -93.400000 0.0 0 
0.959931
 1 163 163 p_village_84 Chelez 2114574 0 0 3 0 0 0 0 0 10.310000 -69.680000 10.310000 -69.680000 10.310000 -69.680000 0.0 0 
0.261799
 1 164 164 p_village_85 Ismirala 2114574 0 0 3 0 0 0 0 0 81.270000 78.390000 81.270000 78.390000 81.270000 78.390000 0.0 0 
0.174533
 1 165 165 p_village_86 Walden 2114574 0 0 3 0 0 0 0 0 43.090000 63.170000 43.090000 63.170000 43.090000 63.170000 0.0 0 
0.610865
 1 166 166 p_village_87 Tyra 2114574 0 0 3 0 0 0 0 0 -75.000000 37.600000 -75.000000 37.600000 -75.000000 37.600000 0.0 0 
2.792527
 1 167 167 p_village_88 Tulbuk 2114575 0 0 3 0 0 0 0 0 -12.940000 -56.060000 -12.940000 -56.060000 -12.940000 -56.060000 0.0 0 
3.141593
 1 168 168 p_village_89 Uhhun 2114574 0 0 3 0 0 0 0 0 47.600000 -51.820000 47.600000 -51.820000 47.600000 -51.820000 0.0 0 
0.000000
 1 169 169 p_village_90 Walven 2114574 0 0 3 0 0 0 0 0 67.050000 -51.650000 67.050000 -51.650000 67.050000 -51.650000 0.0 0 
0.698132
 1 170 170 p_salt_mine Hidden_mines_of_Al-Aziz 2114830 0 0 3 0 0 0 0 0 63.590000 -129.510000 63.590000 -129.510000 63.590000 -129.510000 0.0 0 
0.000000
 1 171 171 p_four_ways_inn four_way_inn 2114830 0 0 3 0 0 0 0 0 110.750000 63.160000 110.750000 63.160000 110.750000 63.160000 0.0 0 
0.000000
 1 172 172 p_test_scene test_scene 2114830 0 0 3 0 0 0 0 0 65.510000 -133.230000 65.510000 -133.230000 65.510000 -133.230000 0.0 0 
0.000000
 1 173 173 p_battlefields battlefields 2114830 0 0 3 0 0 0 0 0 65.210000 -131.430000 65.210000 -131.430000 65.210000 -131.430000 0.0 0 
0.000000
 1 174 174 p_dhorak_keep Dagger_Keep 2639116 0 0 3 0 0 0 0 0 82.260000 -91.140000 82.260000 -91.140000 82.260000 -91.140000 0.0 0 
0.000000
 1 175 175 p_castle_noldor Elacrai 4199706 0 0 56 0 0 0 0 0 95.910000 -15.810000 95.910000 -15.810000 95.910000 -15.810000 0.0 6 213 50 0 0 212 50 0 0 211 100 0 0 209 300 0 0 210 500 0 0 215 100 0 1 
0.349066
 1 176 176 p_snake_stronghold Snake_Cult_Stronghold 4199706 0 0 39 0 0 0 0 0 0.000000 0.000000 0.000000 0.000000 0.000000 0.000000 0.0 6 222 50 0 0 221 50 0 0 220 100 0 0 219 300 0 0 218 500 0 0 273 10 0 1 
0.000000
 1 177 177 p_stronghold_pos1 {!}stronghold_pos1 1280 0 0 3 0 0 0 0 0 -68.240000 49.800000 -68.240000 49.800000 -68.240000 49.800000 0.0 1 167 15 0 0 
0.000000
 1 178 178 p_stronghold_pos2 {!}stronghold_pos2 1280 0 0 3 0 0 0 0 0 35.650000 14.280000 35.650000 14.280000 35.650000 14.280000 0.0 1 167 15 0 0 
0.000000
 1 179 179 p_stronghold_pos3 {!}stronghold_pos3 1280 0 0 3 0 0 0 0 0 96.060000 -70.340000 96.060000 -70.340000 96.060000 -70.340000 0.0 1 167 15 0 0 
0.000000
 1 180 180 p_stronghold_pos4 {!}stronghold_pos4 1280 0 0 3 0 0 0 0 0 0.970000 -41.800000 0.970000 -41.800000 0.970000 -41.800000 0.0 1 167 15 0 0 
0.000000
 1 181 181 p_stronghold_pos5 {!}stronghold_pos5 1280 0 0 3 0 0 0 0 0 -42.690000 13.790000 -42.690000 13.790000 -42.690000 13.790000 0.0 1 167 15 0 0 
0.000000
 1 182 182 p_stronghold_pos6 {!}stronghold_pos6 1280 0 0 3 0 0 0 0 0 -99.350000 -77.560000 -99.350000 -77.560000 -99.350000 -77.560000 0.0 1 167 15 0 0 
0.000000
 1 183 183 p_training_ground Training_Ground 2114851 0 0 3 0 0 0 0 0 -19.240000 -130.200000 -19.240000 -130.200000 -19.240000 -130.200000 0.0 0 
0.000000
 1 184 184 p_training_ground_1 Training_Field 2118691 0 0 3 0 0 0 0 0 -90.520000 -9.840000 -90.520000 -9.840000 -90.520000 -9.840000 0.0 0 
1.745329
 1 185 185 p_training_ground_2 Training_Field 2118691 0 0 3 0 0 0 0 0 -8.550000 -82.690000 -8.550000 -82.690000 -8.550000 -82.690000 0.0 0 
1.745329
 1 186 186 p_training_ground_3 Training_Field 2118691 0 0 3 0 0 0 0 0 16.910000 -82.650000 16.910000 -82.650000 16.910000 -82.650000 0.0 0 
1.745329
 1 187 187 p_training_ground_4 Training_Field 2118691 0 0 3 0 0 0 0 0 -65.250000 19.210000 -65.250000 19.210000 -65.250000 19.210000 0.0 0 
1.745329
 1 188 188 p_training_ground_5 Training_Field 2118691 0 0 3 0 0 0 0 0 76.590000 -101.650000 76.590000 -101.650000 76.590000 -101.650000 0.0 0 
1.745329
 1 189 189 p_bridge_1 {!}1 541732 0 0 3 0 0 0 0 0 59.720000 20.560000 59.720000 20.560000 59.720000 20.560000 0.0 0 
0.034907
 1 190 190 p_bridge_5 {!}5 541732 0 0 3 0 0 0 0 0 -27.140000 86.150000 -27.140000 86.150000 -27.140000 86.150000 0.0 0 
0.802851
 1 191 191 p_bridge_6 {!}6 541734 0 0 3 0 0 0 0 0 49.620000 -1.000000 49.620000 -1.000000 49.620000 -1.000000 0.0 0 
0.157080
 1 192 192 p_bridge_7 {!}7 541734 0 0 3 0 0 0 0 0 14.060000 -31.470000 14.060000 -31.470000 14.060000 -31.470000 0.0 0 
-0.296706
 1 193 193 p_bridge_8 {!}8 541734 0 0 3 0 0 0 0 0 21.580000 -2.040000 21.580000 -2.040000 21.580000 -2.040000 0.0 0 
-0.349066
 1 194 194 p_bridge_9 {!}9 541732 0 0 3 0 0 0 0 0 60.210000 64.850000 60.210000 64.850000 60.210000 64.850000 0.0 0 
-0.523599
 1 195 195 p_bridge_13 {!}13 541733 0 0 3 0 0 0 0 0 74.310000 62.910000 74.310000 62.910000 74.310000 62.910000 0.0 0 
-0.157080
 1 196 196 p_bridge_14 {!}14 541733 0 0 3 0 0 0 0 0 -11.760000 -26.630000 -11.760000 -26.630000 -11.760000 -26.630000 0.0 0 
-0.453786
 1 197 197 p_bridge_15 {!}15 525349 0 0 3 0 0 0 0 0 63.510000 -132.900000 63.510000 -132.900000 63.510000 -132.900000 0.0 0 
0.261799
 1 198 198 p_looter_spawn_point {!}looter_sp 1280 0 0 3 0 0 0 0 0 -46.050000 -20.050000 -46.050000 -20.050000 -46.050000 -20.050000 0.0 1 167 15 0 0 
0.000000
 1 199 199 p_steppe_bandit_spawn_point D'Shar_Raider_Lair 1280 0 0 3 0 0 0 0 0 -67.770000 -89.820000 -67.770000 -89.820000 -67.770000 -89.820000 0.0 1 167 15 0 0 
0.000000
 1 200 200 p_steppe_bandit2_spawn_point steppe2_bandit_sp 1280 0 0 3 0 0 0 0 0 -26.130000 -71.420000 -26.130000 -71.420000 -26.130000 -71.420000 0.0 1 167 15 0 0 
0.000000
 1 201 201 p_steppe_bandit3_spawn_point steppe3_bandit_sp 1280 0 0 3 0 0 0 0 0 -38.180000 -107.870000 -38.180000 -107.870000 -38.180000 -107.870000 0.0 1 167 15 0 0 
0.000000
 1 202 202 p_forest_bandit_spawn_point forest_bandit_sp 1280 0 0 3 0 0 0 0 0 64.890000 6.570000 64.890000 6.570000 64.890000 6.570000 0.0 1 167 15 0 0 
0.000000
 1 203 203 p_forest_bandit2_spawn_point forest_bandit2_sp 1280 0 0 3 0 0 0 0 0 -67.700000 -54.720000 -67.700000 -54.720000 -67.700000 -54.720000 0.0 1 167 15 0 0 
0.000000
 1 204 204 p_forest_bandit3_spawn_point forest_bandit3_sp 1280 0 0 3 0 0 0 0 0 -50.500000 -4.800000 -50.500000 -4.800000 -50.500000 -4.800000 0.0 1 167 15 0 0 
0.000000
 1 205 205 p_forest_bandit4_spawn_point forest_bandit4_sp 1280 0 0 3 0 0 0 0 0 9.560000 -39.150000 9.560000 -39.150000 9.560000 -39.150000 0.0 1 167 15 0 0 
0.000000
 1 206 206 p_forest_bandit5_spawn_point forest_bandit5_sp 1280 0 0 3 0 0 0 0 0 -64.220000 61.270000 -64.220000 61.270000 -64.220000 61.270000 0.0 1 167 15 0 0 
0.000000
 1 207 207 p_forest_bandit6_spawn_point Brigand_Camp 1280 0 0 3 0 0 0 0 0 20.100000 9.810000 20.100000 9.810000 20.100000 9.810000 0.0 1 167 15 0 0 
0.000000
 1 208 208 p_forest_bandit7_spawn_point forest_bandit7_sp 1280 0 0 3 0 0 0 0 0 49.310000 65.640000 49.310000 65.640000 49.310000 65.640000 0.0 1 167 15 0 0 
0.000000
 1 209 209 p_forest_bandit8_spawn_point forest_bandit8_sp 1280 0 0 3 0 0 0 0 0 -87.680000 -65.820000 -87.680000 -65.820000 -87.680000 -65.820000 0.0 1 167 15 0 0 
0.000000
 1 210 210 p_forest_bandit9_spawn_point forest_bandit9_sp 1280 0 0 3 0 0 0 0 0 66.110000 -57.210000 66.110000 -57.210000 66.110000 -57.210000 0.0 1 167 15 0 0 
0.000000
 1 211 211 p_forest_bandit10_spawn_point forest_bandit10_sp 1280 0 0 3 0 0 0 0 0 -29.610000 24.840000 -29.610000 24.840000 -29.610000 24.840000 0.0 1 167 15 0 0 
0.000000
 1 212 212 p_forest_bandit11_spawn_point forest_bandit11_sp 1280 0 0 3 0 0 0 0 0 -94.000000 -16.240000 -94.000000 -16.240000 -94.000000 -16.240000 0.0 1 167 15 0 0 
0.000000
 1 213 213 p_forest_bandit12_spawn_point forest_bandit12_sp 1280 0 0 3 0 0 0 0 0 29.000000 -80.430000 29.000000 -80.430000 29.000000 -80.430000 0.0 1 167 15 0 0 
0.000000
 1 214 214 p_mountain_bandit_spawn_point mountain_bandit_sp 1280 0 0 3 0 0 0 0 0 -43.930000 92.630000 -43.930000 92.630000 -43.930000 92.630000 0.0 1 167 15 0 0 
0.000000
 1 215 215 p_mountain_bandit2_spawn_point mountain_bandit2_sp 1280 0 0 3 0 0 0 0 0 -77.320000 79.190000 -77.320000 79.190000 -77.320000 79.190000 0.0 1 167 15 0 0 
0.000000
 1 216 216 p_heretic_spawn_point Unused_sp 1280 0 0 3 0 0 0 0 0 27.040000 -49.140000 27.040000 -49.140000 27.040000 -49.140000 0.0 1 167 15 0 0 
0.000000
 1 217 217 p_a_spawn_point A_Heretic_sp 1280 0 0 3 0 0 0 0 0 -23.980000 -45.870000 -23.980000 -45.870000 -23.980000 -45.870000 0.0 0 
1.117011
 1 218 218 p_b_spawn_point B_Heretic_sp 1280 0 0 3 0 0 0 0 0 -48.720000 10.450000 -48.720000 10.450000 -48.720000 10.450000 0.0 0 
0.174533
 1 219 219 p_c_spawn_point C_Heretic_sp 1280 0 0 3 0 0 0 0 0 -61.960000 -40.530000 -61.960000 -40.530000 -61.960000 -40.530000 0.0 0 
1.570796
 1 220 220 p_color1_red_spawn_point Red_Spawn 1280 0 0 3 0 0 0 0 0 24.250000 21.230000 24.250000 21.230000 24.250000 21.230000 0.0 1 167 15 0 0 
0.000000
 1 221 221 p_color2_yellow_spawn_point Yellow_Spawn 1280 0 0 3 0 0 0 0 0 -40.020000 -57.190000 -40.020000 -57.190000 -40.020000 -57.190000 0.0 1 167 15 0 0 
0.000000
 1 222 222 p_color3_blue_spawn_point Blue_Spawn 1280 0 0 3 0 0 0 0 0 6.940000 91.650000 6.940000 91.650000 6.940000 91.650000 0.0 1 167 15 0 0 
0.000000
 1 223 223 p_color4_green_spawn_point Green_Spawn 1280 0 0 3 0 0 0 0 0 -69.470000 -23.600000 -69.470000 -23.600000 -69.470000 -23.600000 0.0 1 167 15 0 0 
0.000000
 1 224 224 p_color5_black_spawn_point Black_Spawn 1280 0 0 3 0 0 0 0 0 51.310000 -27.670000 51.310000 -27.670000 51.310000 -27.670000 0.0 1 167 15 0 0 
0.000000
 1 225 225 p_generic1_spawn_point generic_Army1_sp 1280 0 0 3 0 0 0 0 0 -1.590000 -55.670000 -1.590000 -55.670000 -1.590000 -55.670000 0.0 1 167 15 0 0 
0.000000
 1 226 226 p_generic2_bandit_spawn_point generic2_army_sp 1280 0 0 3 0 0 0 0 0 -21.030000 33.450000 -21.030000 33.450000 -21.030000 33.450000 0.0 1 167 15 0 0 
0.000000
 1 227 227 p_omega_spawn_point Omega_Army_unused 1280 0 0 3 0 0 0 0 0 -33.320000 -18.690000 -33.320000 -18.690000 -33.320000 -18.690000 0.0 0 
0.000000
 1 228 228 p_alpha_spawn_point Alpha_Army_sp 1280 0 0 3 0 0 0 0 0 -20.100000 -7.310000 -20.100000 -7.310000 -20.100000 -7.310000 0.0 0 
1.570796
 1 229 229 p_beta_spawn_point Beta_Army_sp 1280 0 0 3 0 0 0 0 0 10.000000 -23.480000 10.000000 -23.480000 10.000000 -23.480000 0.0 0 
2.356194
 1 230 230 p_mystmountain_spawn_point Mystmountain_Hideout 1280 0 0 3 0 0 0 0 0 60.410000 91.610000 60.410000 91.610000 60.410000 91.610000 0.0 1 167 15 0 0 
0.000000
 1 231 231 p_sea_raider_spawn_point_1 Vanskerry_Landing 1280 0 0 3 0 0 0 0 0 -67.240000 -0.080000 -67.240000 -0.080000 -67.240000 -0.080000 0.0 1 167 15 0 0 
0.000000
 1 232 232 p_sea_raider_spawn_point_2 sea_raider2_sp 1280 0 0 3 0 0 0 0 0 -78.600000 -32.970000 -78.600000 -32.970000 -78.600000 -32.970000 0.0 1 167 15 0 0 
0.000000
 1 233 233 p_sea_raider_spawn_point_3 sea_raider3_sp 1280 0 0 3 0 0 0 0 0 -85.790000 34.380000 -85.790000 34.380000 -85.790000 34.380000 0.0 1 167 15 0 0 
0.000000
 1 234 234 p_snake_cult1_spawn_point Snake_Cult_Shrine 1280 0 0 3 0 0 0 0 0 47.170000 -94.070000 47.170000 -94.070000 47.170000 -94.070000 0.0 1 167 15 0 0 
0.000000
 1 235 235 p_snake_cult2_spawn_point snake_cult_sp 1280 0 0 3 0 0 0 0 0 66.670000 -90.860000 66.670000 -90.860000 66.670000 -90.860000 0.0 1 167 15 0 0 
0.000000
 1 236 236 p_noldor_elves_spawn_point Laria_Woods 1280 0 0 3 0 0 0 0 0 80.220000 -18.480000 80.220000 -18.480000 80.220000 -18.480000 0.0 1 167 15 0 0 
0.000000
 1 237 237 p_jatu_nomads_spawn_point Jatu_Plains 1280 0 0 3 0 0 0 0 0 57.210000 35.270000 57.210000 35.270000 57.210000 35.270000 0.0 1 167 15 0 0 
0.000000
 1 238 238 p_jatu_nomads2_spawn_point Jatu_Plains 1280 0 0 3 0 0 0 0 0 77.210000 25.270000 77.210000 25.270000 77.210000 25.270000 0.0 1 167 15 0 0 
0.000000
 1 239 239 p_ringer_1_spawn_point Ringer_1_sp 1280 0 0 3 0 0 0 0 0 -46.790000 -134.000000 -46.790000 -134.000000 -46.790000 -134.000000 0.0 1 167 15 0 0 
0.000000
 1 240 240 p_ringer_2_spawn_point Ringer_2_sp 1280 0 0 3 0 0 0 0 0 0.900000 -119.090000 0.900000 -119.090000 0.900000 -119.090000 0.0 1 167 15 0 0 
0.000000
 1 241 241 p_ringer_3_spawn_point Ringer_3_sp 1280 0 0 3 0 0 0 0 0 102.620000 23.120000 102.620000 23.120000 102.620000 23.120000 0.0 1 167 15 0 0 
0.000000
 1 242 242 p_ringer_4_spawn_point Ringer_4_sp 1280 0 0 3 0 0 0 0 0 113.050000 82.330000 113.050000 82.330000 113.050000 82.330000 0.0 1 167 15 0 0 
0.000000
 1 243 243 p_spawn_points_end {!}last_spawn_point 1280 0 0 1 0 0 0 0 0 0.000000 0.000000 0.000000 0.000000 0.000000 0.000000 0.0 1 167 15 0 0 
0.000000
 1 244 244 p_reserved_1 {!}last_spawn_point 1280 0 0 1 0 0 0 0 0 0.000000 0.000000 0.000000 0.000000 0.000000 0.000000 0.0 1 167 15 0 0 
0.000000
 1 245 245 p_reserved_2 {!}last_spawn_point 1280 0 0 1 0 0 0 0 0 0.000000 0.000000 0.000000 0.000000 0.000000 0.000000 0.0 1 167 15 0 0 
0.000000
 1 246 246 p_reserved_3 {!}last_spawn_point 1280 0 0 1 0 0 0 0 0 0.000000 0.000000 0.000000 0.000000 0.000000 0.000000 0.0 1 167 15 0 0 
0.000000
 1 247 247 p_reserved_4 {!}last_spawn_point 1280 0 0 1 0 0 0 0 0 0.000000 0.000000 0.000000 0.000000 0.000000 0.000000 0.0 1 167 15 0 0 
0.000000
 1 248 248 p_reserved_5 {!}last_spawn_point 1280 0 0 1 0 0 0 0 0 0.000000 0.000000 0.000000 0.000000 0.000000 0.000000 0.0 1 167 15 0 0 
0.000000
